[gd_scene load_steps=31 format=3 uid="uid://b5m3b8x4vbmik"]

[ext_resource type="PackedScene" uid="uid://donm244c8a5wk" path="res://scenes/rooms/RoomVariation.tscn" id="1_baceq"]
[ext_resource type="PackedScene" uid="uid://cnhe8th4xlj6v" path="res://scenes/room_generation/Gen2/door_detection_setup.tscn" id="2_u2l1s"]
[ext_resource type="PackedScene" uid="uid://6af3eshhiklr" path="res://assets/models/gothic_library_section/decorative_assets/Vase_1.tscn" id="3_fl6vy"]
[ext_resource type="PackedScene" uid="uid://wq6fty4dae5g" path="res://assets/models/gothic_library_section/decorative_assets/Vase_2.tscn" id="4_vxt8i"]
[ext_resource type="PackedScene" uid="uid://0d1ctubyayeg" path="res://assets/models/gothic_library_section/decorative_assets/Pillar_Shaft_1.tscn" id="5_pqb3v"]
[ext_resource type="PackedScene" uid="uid://bmeofo6g0t1jk" path="res://assets/models/gothic_library_section/decorative_assets/Pillar_Shaft_2.tscn" id="6_5j23f"]
[ext_resource type="PackedScene" uid="uid://cdykij1kwwxue" path="res://assets/models/gothic_library_section/decorative_assets/Candle_1.tscn" id="7_fb2bo"]
[ext_resource type="PackedScene" uid="uid://bvfrd0h6e4ovd" path="res://assets/models/gothic_library_section/decorative_assets/Candle_2.tscn" id="8_k8mfn"]
[ext_resource type="PackedScene" uid="uid://dyqcrv4i4axss" path="res://assets/models/gothic_library_section/decorative_assets/Candle_Empty_1.tscn" id="9_51svi"]
[ext_resource type="PackedScene" uid="uid://cg5du1rf5xld2" path="res://assets/models/gothic_library_section/decorative_assets/Lantern.tscn" id="10_5uky4"]
[ext_resource type="PackedScene" uid="uid://vxorah386tra" path="res://assets/models/gothic_library_section/decorative_assets/Candle_Empty_2.tscn" id="11_yk0le"]
[ext_resource type="PackedScene" uid="uid://cmepbn2gyxqt1" path="res://assets/VFX/Candle_Flame_2.tscn" id="12_45a3a"]
[ext_resource type="PackedScene" uid="uid://gqj7wvbsopuq" path="res://assets/models/gothic_library_section/decorative_assets/Gothic_Window.tscn" id="13_ly6fc"]
[ext_resource type="PackedScene" uid="uid://xsquffoqqj8h" path="res://assets/models/gothic_library_section/decorative_assets/Bookshelf.tscn" id="14_irtmk"]
[ext_resource type="PackedScene" uid="uid://pvjaktfqnata" path="res://assets/models/gothic_library_section/decorative_assets/Ladder_1.tscn" id="15_dsv4i"]
[ext_resource type="PackedScene" uid="uid://fmfilgo2p8yg" path="res://assets/models/gothic_library_section/decorative_assets/Skull.tscn" id="16_aqaj7"]
[ext_resource type="PackedScene" uid="uid://dk1v0q4x3xtb8" path="res://assets/models/gothic_library_section/decorative_assets/Book_1.tscn" id="17_bref8"]
[ext_resource type="PackedScene" uid="uid://c6pf126f185cf" path="res://assets/models/gothic_library_section/decorative_assets/Book_3.tscn" id="17_ruydy"]
[ext_resource type="PackedScene" uid="uid://d034t5npsvheu" path="res://assets/models/gothic_library_section/decorative_assets/Book_2.tscn" id="18_rr4qp"]
[ext_resource type="PackedScene" uid="uid://b7acvdsrwwv78" path="res://assets/models/gothic_library_section/decorative_assets/Bottle.tscn" id="20_eipgn"]
[ext_resource type="PackedScene" uid="uid://btcvm3c6i3tek" path="res://assets/models/gothic_library_section/decorative_assets/Candle_Holder.tscn" id="21_dy87l"]
[ext_resource type="PackedScene" uid="uid://bxvymvi2qhybu" path="res://assets/models/gothic_library_section/decorative_assets/Torn_Cloth_4.tscn" id="22_pvrgc"]
[ext_resource type="PackedScene" uid="uid://c55mpbfrb86gs" path="res://assets/models/gothic_library_section/decorative_assets/Torn_Cloth_2.tscn" id="23_1f7hc"]
[ext_resource type="PackedScene" uid="uid://bq0xdu18joqss" path="res://assets/models/gothic_library_section/decorative_assets/Torn_Cloth_1.tscn" id="24_am3nh"]
[ext_resource type="PackedScene" uid="uid://cg78jlusnpup3" path="res://assets/models/gothic_library_section/decorative_assets/Filled_Bookshelves/Bookshelf_2.tscn" id="25_w74bs"]
[ext_resource type="PackedScene" uid="uid://dntvbfs61y0lq" path="res://assets/models/gothic_library_section/decorative_assets/Ladder_2.tscn" id="26_hlgms"]
[ext_resource type="PackedScene" uid="uid://c0nv7jysskn3g" path="res://assets/models/gothic_library_section/decorative_assets/Filled_Bookshelves/Bookshelf_3.tscn" id="27_7bk8x"]
[ext_resource type="PackedScene" uid="uid://bape2wmcw7ua1" path="res://assets/models/gothic_library_section/decorative_assets/Torn_Cloth_5.tscn" id="28_wyqdo"]
[ext_resource type="PackedScene" uid="uid://ct6c113whbe47" path="res://scenes/enemy_spawners/spawner.tscn" id="29_35x4w"]

[sub_resource type="NavigationMesh" id="NavigationMesh_t6u60"]
vertices = PackedVector3Array(-4.0951, 4.39398, -0.227181, -2.3451, 4.39398, -0.227181, -2.3451, 4.39398, -1.72718, -4.3451, 4.39398, -1.97718, -4.3451, 4.39398, -9.72718, -5.8451, 4.39398, -9.72718, -6.0951, 4.39398, -1.72718, -25.8451, 4.39398, -1.72718, -25.8451, 4.39398, -0.477181, -23.8451, 4.39398, -0.227181, -6.0951, 4.39398, -0.227181, -5.8451, 4.39398, 1.77282, -4.3451, 4.39398, 1.77282, -1.0951, 0.393976, 0.522819, -1.5951, 0.393976, 1.02282, -0.8451, 0.393976, 1.27282, 3.6549, 0.393976, -5.47718, 3.6549, 0.393976, -6.47718, 2.9049, 0.393976, -6.47718, 2.4049, 0.393976, -5.72718, -0.8451, 0.393976, -5.22718, -1.5951, 0.393976, -5.22718, -1.5951, 0.393976, -2.72718, 0.4049, 0.393976, -7.97718, -0.0951004, 0.393976, -7.72718, 0.4049, 0.393976, -6.47718, 1.9049, 0.393976, -5.22718, 2.6549, 0.393976, -7.72718, 1.6549, 0.393976, -7.97718, 1.6549, 0.393976, -9.72718, 0.4049, 0.393976, -9.72718, 3.6549, 0.393976, 0.0228186, 2.1549, 0.393976, -0.477181, -1.0951, 0.393976, 3.27282, 2.1549, 0.393976, 5.27282, 3.6549, 0.393976, 5.27282, -1.0951, 0.393976, -2.47718, 1.4049, 0.393976, -2.22718, 1.9049, 0.393976, -2.97718, 6.1549, 4.39398, 9.77282, 7.6549, 4.39398, 9.77282, 7.9049, 4.39398, 3.27282, 7.6549, 4.39398, -9.72718, 6.1549, 4.39398, -9.72718, 2.4049, 4.14398, -2.22718, 3.1549, 4.14398, -1.97718, 3.1549, 4.14398, -3.22718, 2.6549, 4.14398, -3.22718, -19.8451, 0.393976, 3.77282, -20.3451, 0.393976, 2.27282, -20.3451, 0.393976, 3.02282, -15.8451, 0.393976, 4.02282, -16.5951, 0.393976, 3.02282, -17.0951, 0.393976, 3.77282, -17.0951, 0.393976, 6.27282, -15.8451, 0.393976, 6.52282, -21.3451, 0.393976, 4.27282, -25.5951, 0.393976, 4.27282, -25.5951, 0.393976, 5.52282, -23.8451, 0.393976, 5.52282, -19.8451, 0.393976, 6.27282, -19.5951, 0.393976, 7.52282, -17.3451, 0.393976, 7.52282, -23.5951, 0.393976, 6.52282, -13.5951, 0.393976, 5.77282, -13.3451, 0.643976, 6.77282, -12.3451, 0.393976, 6.02282, -5.0951, 0.393976, 3.77282, -5.5951, 0.393976, 2.77282, -6.5951, 0.393976, 2.77282, -6.5951, 0.393976, 6.02282, -5.5951, 0.393976, 5.77282, -14.8451, 0.393976, 5.77282, -3.0951, 0.393976, 4.52282, -3.5951, 0.393976, 3.77282, -4.0951, 0.393976, 6.52282, -2.0951, 0.393976, 6.27282, -11.3451, 0.393976, 6.02282, -12.3451, 0.393976, 3.77282, -13.0951, 1.14398, 2.77282, -14.0118, 0.393976, 3.18949, -2.3451, 0.393976, 4.52282, 1.6549, 0.393976, 5.52282, -10.3451, 0.393976, 6.77282, -7.3451, 0.393976, 7.52282, -6.8451, 0.393976, 2.27282, -10.8451, 0.393976, 2.27282, -10.8451, 0.393976, 3.52282, -10.3451, 0.393976, 7.52282, -1.8451, 0.393976, 7.52282, 1.4049, 0.393976, 7.52282, -16.3451, 3.89398, 7.77282, -15.0951, 3.89398, 7.77282, -15.0951, 3.89398, 7.27282, -16.5951, 3.89398, 7.27282, -25.5951, 4.39398, 11.7728, 5.6549, 4.39398, 11.7728, 5.6549, 4.39398, 10.2728, -25.8451, 4.39398, 10.2728)
polygons = [PackedInt32Array(1, 0, 2), PackedInt32Array(2, 0, 3), PackedInt32Array(4, 3, 5), PackedInt32Array(5, 3, 6), PackedInt32Array(8, 7, 9), PackedInt32Array(9, 7, 10), PackedInt32Array(10, 7, 6), PackedInt32Array(6, 3, 10), PackedInt32Array(10, 3, 0), PackedInt32Array(10, 0, 12), PackedInt32Array(10, 12, 11), PackedInt32Array(15, 14, 13), PackedInt32Array(17, 16, 18), PackedInt32Array(18, 16, 19), PackedInt32Array(22, 21, 20), PackedInt32Array(25, 24, 23), PackedInt32Array(18, 19, 26), PackedInt32Array(27, 18, 28), PackedInt32Array(28, 18, 23), PackedInt32Array(23, 18, 25), PackedInt32Array(25, 18, 26), PackedInt32Array(23, 30, 28), PackedInt32Array(28, 30, 29), PackedInt32Array(32, 31, 15), PackedInt32Array(15, 31, 33), PackedInt32Array(33, 31, 34), PackedInt32Array(34, 31, 35), PackedInt32Array(20, 25, 26), PackedInt32Array(22, 20, 36), PackedInt32Array(36, 20, 37), PackedInt32Array(37, 20, 38), PackedInt32Array(38, 20, 26), PackedInt32Array(13, 36, 15), PackedInt32Array(15, 36, 37), PackedInt32Array(15, 37, 32), PackedInt32Array(40, 39, 41), PackedInt32Array(41, 39, 42), PackedInt32Array(42, 39, 43), PackedInt32Array(47, 46, 44), PackedInt32Array(44, 46, 45), PackedInt32Array(50, 49, 48), PackedInt32Array(52, 51, 53), PackedInt32Array(53, 51, 54), PackedInt32Array(54, 51, 55), PackedInt32Array(56, 50, 48), PackedInt32Array(58, 57, 59), PackedInt32Array(59, 57, 56), PackedInt32Array(61, 60, 62), PackedInt32Array(62, 60, 54), PackedInt32Array(54, 60, 48), PackedInt32Array(54, 48, 53), PackedInt32Array(48, 60, 56), PackedInt32Array(56, 60, 59), PackedInt32Array(59, 60, 63), PackedInt32Array(64, 66, 65), PackedInt32Array(68, 67, 69), PackedInt32Array(69, 67, 71), PackedInt32Array(69, 71, 70), PackedInt32Array(72, 55, 51), PackedInt32Array(74, 73, 67), PackedInt32Array(67, 73, 71), PackedInt32Array(71, 73, 75), PackedInt32Array(75, 73, 76), PackedInt32Array(66, 64, 77), PackedInt32Array(77, 64, 78), PackedInt32Array(79, 78, 80), PackedInt32Array(80, 78, 64), PackedInt32Array(80, 64, 72), PackedInt32Array(80, 72, 51), PackedInt32Array(73, 81, 76), PackedInt32Array(82, 33, 34), PackedInt32Array(84, 83, 70), PackedInt32Array(70, 83, 87), PackedInt32Array(70, 87, 86), PackedInt32Array(70, 86, 85), PackedInt32Array(78, 87, 77), PackedInt32Array(77, 87, 83), PackedInt32Array(84, 88, 83), PackedInt32Array(69, 70, 85), PackedInt32Array(76, 81, 89), PackedInt32Array(89, 81, 33), PackedInt32Array(89, 33, 82), PackedInt32Array(89, 82, 90), PackedInt32Array(92, 91, 93), PackedInt32Array(93, 91, 94), PackedInt32Array(96, 95, 97), PackedInt32Array(97, 95, 98)]
geometry_source_geometry_mode = 1
geometry_source_group_name = &"nav_mesh_group"

[node name="RoomVariation" node_paths=PackedStringArray("north_door", "west_door") instance=ExtResource("1_baceq")]
north_door = NodePath("Doors/DoorTop")
west_door = NodePath("Doors/DoorLeft")

[node name="NavigationRegion3D" parent="." index="0"]
navigation_mesh = SubResource("NavigationMesh_t6u60")

[node name="Wall_North" parent="." index="2"]
data = {
"cells": PackedInt32Array(65534, 1, 26, 65533, 1, 26, 65532, 1, 26, 65531, 1, 26, 65530, 1, 26, 65529, 1, 26, 65528, 1, 26, 65527, 1, 26, 65526, 1, 26, 65525, 1, 26, 65524, 1, 26, 65523, 1, 26)
}

[node name="TornCloth_5" parent="Wall_North" index="0" instance=ExtResource("28_wyqdo")]
transform = Transform3D(0.238731, 0, 1.40524, 0, 1.42538, 0, -1.40524, 0, 0.238731, -12.9017, 4.14587, 3.93154)

[node name="Wall_South" parent="." index="3"]
data = {
"cells": PackedInt32Array(65523, 3, 26, 65524, 3, 26, 65525, 3, 26, 65526, 3, 26, 65527, 3, 26, 65528, 3, 26, 65529, 3, 26, 65530, 3, 26, 65531, 3, 26, 65532, 3, 26, 65533, 3, 26, 65534, 3, 26, 65535, 3, 26, 0, 3, 26, 1, 3, 26, 2, 3, 26)
}

[node name="Gothic_Window" parent="Wall_South" index="0" instance=ExtResource("13_ly6fc")]
transform = Transform3D(0.00289294, 0, 0.663008, 0, 0.663014, 0, -0.663008, 0, 0.00289294, -12.5116, 2.36965, 5.79194)

[node name="Gothic_Window2" parent="Wall_South" index="1" instance=ExtResource("13_ly6fc")]
transform = Transform3D(0.0101138, 0, 0.676913, 0, 0.676989, 0, -0.676913, 0, 0.0101138, -18.4682, 2.37628, 5.83776)

[node name="Gothic_Window3" parent="Wall_South" index="2" instance=ExtResource("13_ly6fc")]
transform = Transform3D(0.00289294, 0, 0.663008, 0, 0.663014, 0, -0.663008, 0, 0.00289294, -0.266481, 2.35512, 5.78846)

[node name="Gothic_Window4" parent="Wall_South" index="3" instance=ExtResource("13_ly6fc")]
transform = Transform3D(0.0101138, 0, 0.676913, 0, 0.676989, 0, -0.676913, 0, 0.0101138, -6.93694, 2.36176, 5.83428)

[node name="TornCloth_1" parent="Wall_South" index="4" instance=ExtResource("24_am3nh")]
transform = Transform3D(-0.279159, 0, -1.53662, 0, 1.56177, 0, 1.53662, 0, -0.279159, -9.61849, 4.05675, 6.04205)

[node name="Doorways" parent="." index="4"]
data = {
"cells": PackedInt32Array(0, 65531, 21, 65535, 65531, 26, 1, 65531, 26, 0, 65530, 26, 1, 65530, 26, 65535, 65530, 26, 65523, 1, 26, 65522, 1, 26, 65522, 2, 26, 65522, 3, 26, 65523, 3, 26, 65523, 2, 1048597)
}

[node name="Decorative Assets" type="Node3D" parent="." index="5"]

[node name="Vase_1" parent="Decorative Assets" index="0" instance=ExtResource("3_fl6vy")]
transform = Transform3D(0.70091, 0, 0.713249, 0, 1, 0, -0.713249, 0, 0.70091, -3.33749, 0.405047, 2.81829)

[node name="Vase_2" parent="Decorative Assets" index="1" instance=ExtResource("4_vxt8i")]
transform = Transform3D(0.998873, 0, -0.047462, 0, 1, 0, 0.047462, 0, 0.998873, -2.21797, 0.760006, 2.83285)

[node name="Vase_11" parent="Decorative Assets" index="2" instance=ExtResource("3_fl6vy")]
transform = Transform3D(0.70091, 0, 0.713249, 0, 1, 0, -0.713249, 0, 0.70091, -6.32093, 0.405047, 7.41749)

[node name="Vase_12" parent="Decorative Assets" index="3" instance=ExtResource("4_vxt8i")]
transform = Transform3D(0.998873, 0, -0.047462, 0, 1, 0, 0.047462, 0, 0.998873, -5.20141, 0.760006, 7.43205)

[node name="Vase_3" parent="Decorative Assets" index="4" instance=ExtResource("3_fl6vy")]
transform = Transform3D(0.0120611, 0, 0.999927, 0, 1, 0, -0.999927, 0, 0.0120611, -2.79095, 0.439551, 3.41574)

[node name="Vase_5" parent="Decorative Assets" index="5" instance=ExtResource("3_fl6vy")]
transform = Transform3D(-0.164119, 0, -0.98644, 0, 1, 0, 0.98644, 0, -0.164119, 3.37076, 0.407914, 6.43866)

[node name="EmptyCandle_1" parent="Decorative Assets/Vase_5" index="1" instance=ExtResource("9_51svi")]
transform = Transform3D(0.952554, -0.00332084, -0.304356, 0.00474915, 0.999981, 0.00395311, 0.304336, -0.00521096, 0.952551, 0.0198493, 0.525737, -0.010437)

[node name="Vase_6" parent="Decorative Assets" index="6" instance=ExtResource("4_vxt8i")]
transform = Transform3D(-0.844948, 0, -0.534848, 0, 1, 0, 0.534848, 0, -0.844948, 2.44594, 0.863337, 7.06974)

[node name="Vase_7" parent="Decorative Assets" index="7" instance=ExtResource("3_fl6vy")]
transform = Transform3D(0.564433, 0, -0.825479, 0, 1, 0, 0.825479, 0, 0.564433, 2.58021, 0.428359, 6.26348)

[node name="Candle_7" parent="Decorative Assets/Vase_7" index="1" instance=ExtResource("7_fb2bo")]
transform = Transform3D(0.47571, -0.00511138, -0.879589, 0.00491864, 0.999983, -0.00315075, 0.87959, -0.00282759, 0.475727, 0.0247579, 0.529263, 0.00650191)

[node name="Vase_21" parent="Decorative Assets" index="8" instance=ExtResource("3_fl6vy")]
transform = Transform3D(-0.792258, 0, -0.610185, 0, 1, 0, 0.610185, 0, -0.792258, 3.30912, 0.407914, -4.10645)

[node name="EmptyCandle_1" parent="Decorative Assets/Vase_21" index="1" instance=ExtResource("9_51svi")]
transform = Transform3D(0.952554, -0.00332084, -0.304356, 0.00474915, 0.999981, 0.00395311, 0.304336, -0.00521096, 0.952551, 0.0198493, 0.525737, -0.010437)

[node name="Vase_22" parent="Decorative Assets" index="9" instance=ExtResource("3_fl6vy")]
transform = Transform3D(-0.14933, 0, -0.988788, 0, 1, 0, 0.988788, 0, -0.14933, 2.84985, 0.428359, -4.77333)

[node name="Candle_7" parent="Decorative Assets/Vase_22" index="1" instance=ExtResource("7_fb2bo")]
transform = Transform3D(0.47571, -0.00511138, -0.879589, 0.00491864, 0.999983, -0.00315075, 0.87959, -0.00282759, 0.475727, 0.0247579, 0.529263, 0.00650191)

[node name="Vase_13" parent="Decorative Assets" index="10" instance=ExtResource("3_fl6vy")]
transform = Transform3D(0.564433, 0, -0.825479, 0, 1, 0, 0.825479, 0, 0.564433, -5.75316, 0.428359, 6.85562)

[node name="Candle_7" parent="Decorative Assets/Vase_13" index="1" instance=ExtResource("7_fb2bo")]
transform = Transform3D(0.47571, -0.00511138, -0.879589, 0.00491864, 0.999983, -0.00315075, 0.87959, -0.00282759, 0.475727, 0.0247579, 0.529263, 0.00650191)

[node name="Vase_17" parent="Decorative Assets" index="11" instance=ExtResource("3_fl6vy")]
transform = Transform3D(0.70091, 0, 0.713249, 0, 1, 0, -0.713249, 0, 0.70091, -23.148, 0.405047, 3.31669)

[node name="Vase_20" parent="Decorative Assets" index="12" instance=ExtResource("3_fl6vy")]
transform = Transform3D(0.936255, 0, -0.35132, 0, 1, 0, 0.35132, 0, 0.936255, -21.4646, 0.405047, 2.5459)

[node name="Vase_18" parent="Decorative Assets" index="13" instance=ExtResource("4_vxt8i")]
transform = Transform3D(0.998873, 0, -0.047462, 0, 1, 0, 0.047462, 0, 0.998873, -22.0285, 0.760006, 3.33125)

[node name="Candle_8" parent="Decorative Assets/Vase_18" index="1" instance=ExtResource("7_fb2bo")]
transform = Transform3D(-0.414859, -0.000826299, -0.909886, 0.00491864, 0.999983, -0.00315075, 0.909873, -0.00578262, -0.414849, 0.0169888, 0.849195, -0.00290823)

[node name="Vase_19" parent="Decorative Assets" index="14" instance=ExtResource("3_fl6vy")]
transform = Transform3D(0.564433, 0, -0.825479, 0, 1, 0, 0.825479, 0, 0.564433, -22.5802, 0.428359, 2.75482)

[node name="Candle_7" parent="Decorative Assets/Vase_19" index="1" instance=ExtResource("7_fb2bo")]
transform = Transform3D(0.47571, -0.00511138, -0.879589, 0.00491864, 0.999983, -0.00315075, 0.87959, -0.00282759, 0.475727, 0.0247579, 0.529263, 0.00650191)

[node name="Vase_14" parent="Decorative Assets" index="15" instance=ExtResource("3_fl6vy")]
transform = Transform3D(0.0056037, 0, 0.999984, 0, 1, 0, -0.999984, 0, 0.0056037, -15.4259, 0.405047, 2.97471)

[node name="Vase_15" parent="Decorative Assets" index="16" instance=ExtResource("4_vxt8i")]
transform = Transform3D(0.749434, 0, 0.662079, 0, 1, 0, -0.662079, 0, 0.749434, -15.1029, 0.760006, 2.47198)

[node name="Vase_16" parent="Decorative Assets" index="17" instance=ExtResource("3_fl6vy")]
transform = Transform3D(0.98007, 0, -0.198651, 0, 1, 0, 0.198651, 0, 0.98007, -15.9003, 0.428359, 2.44311)

[node name="Candle_7" parent="Decorative Assets/Vase_16" index="1" instance=ExtResource("7_fb2bo")]
transform = Transform3D(0.47571, -0.00511138, -0.879589, 0.00491864, 0.999983, -0.00315075, 0.87959, -0.00282759, 0.475727, 0.0247579, 0.529263, 0.00650191)

[node name="Vase_4" parent="Decorative Assets" index="18" instance=ExtResource("3_fl6vy")]
transform = Transform3D(0.989703, 0, -0.143131, 0, 1, 0, 0.143131, 0, 0.989703, -4.4714, 0.435687, 2.84637)

[node name="Vase_8" parent="Decorative Assets" index="19" instance=ExtResource("3_fl6vy")]
transform = Transform3D(0.70091, 0, 0.713249, 0, 1, 0, -0.713249, 0, 0.70091, -11.2194, 0.405047, 7.42476)

[node name="Vase_9" parent="Decorative Assets" index="20" instance=ExtResource("3_fl6vy")]
transform = Transform3D(0.989703, 0, -0.143131, 0, 1, 0, 0.143131, 0, 0.989703, -12.3533, 0.435687, 7.45284)

[node name="Vase_10" parent="Decorative Assets" index="21" instance=ExtResource("3_fl6vy")]
transform = Transform3D(-0.273725, 0, -0.961808, 0, 1, 0, 0.961808, 0, -0.273725, -11.7579, 0.435687, 7.04215)

[node name="Vase_23" parent="Decorative Assets" index="22" instance=ExtResource("3_fl6vy")]
transform = Transform3D(0.048398, 0, 0.998828, 0, 1, 0, -0.998828, 0, 0.048398, -0.62751, 0.405047, -6.79392)

[node name="Vase_24" parent="Decorative Assets" index="23" instance=ExtResource("3_fl6vy")]
transform = Transform3D(0.833915, 0, 0.551892, 0, 1, 0, -0.551892, 0, 0.833915, -1.45509, 0.435687, -6.01827)

[node name="Vase_25" parent="Decorative Assets" index="24" instance=ExtResource("3_fl6vy")]
transform = Transform3D(0.435859, 0, -0.900015, 0, 1, 0, 0.900015, 0, 0.435859, -1.28406, 0.435687, -6.72107)

[node name="Pillar_Shaft_1" parent="Decorative Assets" index="25" instance=ExtResource("5_pqb3v")]
transform = Transform3D(1, 0, 0, 0, 1, 0, 0, 0, 1, -1.87691, 3.63216, 2.09595)

[node name="Pillar_Shaft_2" parent="Decorative Assets" index="26" instance=ExtResource("6_5j23f")]
transform = Transform3D(1, 0, 0, 0, 1, 0, 0, 0, 1, -1.88349, 1.35553, 2.09572)

[node name="Pillar_Shaft_3" parent="Decorative Assets" index="27" instance=ExtResource("5_pqb3v")]
transform = Transform3D(1, 0, 0, 0, 1, 0, 0, 0, 1, -1.6101, 3.63216, -7.59458)

[node name="Pillar_Shaft_4" parent="Decorative Assets" index="28" instance=ExtResource("6_5j23f")]
transform = Transform3D(1, 0, 0, 0, 1, 0, 0, 0, 1, -1.61667, 1.35553, -7.59481)

[node name="Pillar_Shaft_5" parent="Decorative Assets" index="29" instance=ExtResource("5_pqb3v")]
transform = Transform3D(1, 0, 0, 0, 1, 0, 0, 0, 1, 3.56213, 3.63216, -7.58183)

[node name="Pillar_Shaft_6" parent="Decorative Assets" index="30" instance=ExtResource("6_5j23f")]
transform = Transform3D(1, 0, 0, 0, 1, 0, 0, 0, 1, 3.55555, 1.35553, -7.58206)

[node name="Pillar_Shaft_7" parent="Decorative Assets" index="31" instance=ExtResource("5_pqb3v")]
transform = Transform3D(1, 0, 0, 0, 1, 0, 0, 0, 1, 3.56213, 3.63216, 7.6056)

[node name="Pillar_Shaft_8" parent="Decorative Assets" index="32" instance=ExtResource("6_5j23f")]
transform = Transform3D(1, 0, 0, 0, 1, 0, 0, 0, 1, 3.55555, 1.35553, 7.60537)

[node name="Pillar_Shaft_9" parent="Decorative Assets" index="33" instance=ExtResource("5_pqb3v")]
transform = Transform3D(1, 0, 0, 0, 1, 0, 0, 0, 1, -23.6315, 3.63216, 7.58944)

[node name="Pillar_Shaft_10" parent="Decorative Assets" index="34" instance=ExtResource("6_5j23f")]
transform = Transform3D(1, 0, 0, 0, 1, 0, 0, 0, 1, -23.638, 1.35553, 7.58921)

[node name="Pillar_Shaft_11" parent="Decorative Assets" index="35" instance=ExtResource("5_pqb3v")]
transform = Transform3D(1, 0, 0, 0, 1, 0, 0, 0, 1, -23.5537, 3.63216, 2.39653)

[node name="Pillar_Shaft_12" parent="Decorative Assets" index="36" instance=ExtResource("6_5j23f")]
transform = Transform3D(1, 0, 0, 0, 1, 0, 0, 0, 1, -23.5603, 1.35553, 2.3963)

[node name="Candle_1" parent="Decorative Assets" index="37" instance=ExtResource("7_fb2bo")]
transform = Transform3D(-0.457576, -0.000550914, -0.889171, 0.00491864, 0.999983, -0.00315075, 0.889158, -0.00581532, -0.457566, -2.78684, 0.971457, 3.41219)

[node name="Candle_2" parent="Decorative Assets" index="38" instance=ExtResource("8_k8mfn")]
transform = Transform3D(0.976803, 0.00316891, 0.214116, -0.00438966, 0.999977, 0.00522613, -0.214095, -0.00604479, 0.976794, -2.21613, 1.70898, 2.84299)

[node name="Candle_3" parent="Decorative Assets" index="39" instance=ExtResource("8_k8mfn")]
transform = Transform3D(0.976803, 0.00316891, 0.214116, -0.00438966, 0.999977, 0.00522613, -0.214095, -0.00604479, 0.976794, -2.0542, 0.0967129, 3.29915)

[node name="Candle_4" parent="Decorative Assets" index="40" instance=ExtResource("7_fb2bo")]
transform = Transform3D(-0.457576, -0.000550914, -0.889171, 0.00491864, 0.999983, -0.00315075, 0.889158, -0.00581532, -0.457566, -2.26083, 0.0204706, 3.39406)

[node name="Candle_5" parent="Decorative Assets" index="41" instance=ExtResource("7_fb2bo")]
transform = Transform3D(-0.992023, 0.00448261, -0.125986, 0.00491864, 0.999983, -0.00315075, 0.12597, -0.00374535, -0.992028, -2.05114, 0.0248386, 3.45817)

[node name="Candle_6" parent="Decorative Assets" index="42" instance=ExtResource("8_k8mfn")]
transform = Transform3D(0.976803, 0.00316891, 0.214116, -0.00438966, 0.999977, 0.00522613, -0.214095, -0.00604479, 0.976794, 2.70192, 0.0881449, 5.78102)

[node name="EmptyCandle_2" parent="Decorative Assets" index="43" instance=ExtResource("9_51svi")]
transform = Transform3D(-0.827342, 0.00614966, -0.561666, 0.00474915, 0.999981, 0.00395311, 0.56168, 0.000603037, -0.827355, 2.97419, 0.00228821, 5.77721)

[node name="EmptyCandle_3" parent="Decorative Assets" index="44" instance=ExtResource("9_51svi")]
transform = Transform3D(0.963356, -0.00351505, -0.268206, 0.00474915, 0.999981, 0.00395311, 0.268186, -0.00508197, 0.963354, 2.81601, 0.0114204, 5.63482)

[node name="EmptyCandle_4" parent="Decorative Assets" index="45" instance=ExtResource("9_51svi")]
transform = Transform3D(-0.456542, 0.00568531, -0.889684, 0.00474915, 0.999981, 0.00395311, 0.88969, -0.00242059, -0.456561, -1.77085, 0.0071442, 2.8917)

[node name="EmptyCandle_5" parent="Decorative Assets" index="46" instance=ExtResource("9_51svi")]
transform = Transform3D(-0.927125, 0.00588449, -0.374707, 0.00474915, 0.999981, 0.00395311, 0.374724, 0.0018854, -0.927135, -1.68256, 0.0146301, 2.68096)

[node name="Lantern" parent="Decorative Assets" index="47" instance=ExtResource("10_5uky4")]
transform = Transform3D(0.896355, 0.00326805, 0.443325, 0.000321222, -0.999977, 0.00672201, 0.443337, -0.00588289, -0.896335, 2.37495, 0.396811, -7.59245)

[node name="EmptyCandle_6" parent="Decorative Assets" index="48" instance=ExtResource("9_51svi")]
transform = Transform3D(-0.456542, 0.00568531, -0.889684, 0.00474915, 0.999981, 0.00395311, 0.88969, -0.00242059, -0.456561, 2.30067, 0.179761, -7.55645)

[node name="EmptyCandle_7" parent="Decorative Assets" index="49" instance=ExtResource("11_yk0le")]
transform = Transform3D(0.976803, 0.00316891, 0.214116, -0.00438966, 0.999977, 0.00522613, -0.214095, -0.00604479, 0.976794, 2.40147, 0.272147, -7.60457)

[node name="Lantern2" parent="Decorative Assets" index="50" instance=ExtResource("10_5uky4")]
transform = Transform3D(0.896355, 0.00326805, 0.443325, 0.000321222, -0.999977, 0.00672201, 0.443337, -0.00588289, -0.896335, -23.3429, 0.396811, 6.24877)

[node name="EmptyCandle_8" parent="Decorative Assets/Lantern2" index="1" instance=ExtResource("9_51svi")]
transform = Transform3D(0.979272, -0.00352906, -0.202522, -0.00579572, -0.999928, -0.0106007, -0.202469, 0.0115547, -0.979222, 0.0204639, 0.216625, -0.0649014)

[node name="EmptyCandle_9" parent="Decorative Assets/Lantern2" index="2" instance=ExtResource("11_yk0le")]
transform = Transform3D(-0.467056, -0.00635009, 0.884205, 0.0101833, -0.999947, -0.00180233, 0.88417, 0.00816231, 0.467095, -0.052784, 0.124785, 0.02001)

[node name="CandleFlame3" parent="Decorative Assets/Lantern2" index="3" instance=ExtResource("12_45a3a")]
transform = Transform3D(0.896355, 0.000321235, 0.443337, 0.00326804, -0.999978, -0.00588291, 0.443325, 0.00672202, -0.896336, -0.036396, -0.0184864, 0.0110226)

[node name="CandleFlame4" parent="Decorative Assets/Lantern2" index="4" instance=ExtResource("12_45a3a")]
transform = Transform3D(0.896355, 0.000321235, 0.443337, 0.00326804, -0.999978, -0.00588291, 0.443325, 0.00672202, -0.896336, 0.0291576, 0.159769, -0.0652103)

[node name="CandleFlame" parent="Decorative Assets" index="51" instance=ExtResource("12_45a3a")]
transform = Transform3D(1, 0, 0, 0, 1, 0, 0, 0, 1, 2.40864, 0.430354, -7.59094)

[node name="CandleFlame2" parent="Decorative Assets" index="52" instance=ExtResource("12_45a3a")]
transform = Transform3D(1, 0, 0, 0, 1, 0, 0, 0, 1, 2.31168, 0.253777, -7.52918)

[node name="Bookshelf" parent="Decorative Assets" index="53" instance=ExtResource("14_irtmk")]
transform = Transform3D(-0.708344, 0, 0.00728206, 0, 0.708381, 0, -0.00728206, 0, -0.708344, -3.60641, 0.182395, 7.43573)

[node name="Skull2" parent="Decorative Assets/Bookshelf" index="21" instance=ExtResource("16_aqaj7")]
transform = Transform3D(-0.668945, 0.136463, 0.435603, -0.00419958, 0.770945, -0.247965, -0.456459, -0.207081, -0.636099, 0.0234423, 1.2035, 0.188905)

[node name="Book_1" parent="Decorative Assets/Bookshelf" index="22" instance=ExtResource("17_bref8")]
transform = Transform3D(0.774688, 0, -0.412065, 0, 0.877463, 0, 0.412065, 0, 0.774688, -0.90014, 2.09377, 0.0661755)

[node name="Book_2" parent="Decorative Assets/Bookshelf" index="23" instance=ExtResource("18_rr4qp")]
transform = Transform3D(0.784706, -0.347921, -0.120076, 0.343324, 0.793833, -0.056486, 0.13265, 0.00357677, 0.856518, -0.625628, 2.09428, 0.130496)

[node name="Book_7" parent="Decorative Assets/Bookshelf" index="24" instance=ExtResource("18_rr4qp")]
transform = Transform3D(0.840495, -0.197635, -0.0757682, 0.194585, 0.843574, -0.0418608, 0.0832886, 0.0235832, 0.862403, -0.0412426, 2.89221, 0.124489)

[node name="Book_4" parent="Decorative Assets/Bookshelf" index="25" instance=ExtResource("17_ruydy")]
transform = Transform3D(0.348599, -0.836278, 0.00745854, 0.83631, 0.348572, -0.004452, 0.00123972, 0.00859727, 0.906014, -0.254509, 1.9428, 0.0206165)

[node name="Book_14" parent="Decorative Assets/Bookshelf" index="26" instance=ExtResource("18_rr4qp")]
transform = Transform3D(0.784706, -0.347921, -0.120076, 0.343324, 0.793833, -0.056486, 0.13265, 0.00357677, 0.856518, -0.365584, 3.68712, 0.127823)

[node name="Book_15" parent="Decorative Assets/Bookshelf" index="27" instance=ExtResource("17_ruydy")]
transform = Transform3D(0.348599, -0.836278, 0.00745854, 0.83631, 0.348572, -0.004452, 0.00123972, 0.00859727, 0.906014, 0.00553465, 3.53565, 0.0179434)

[node name="Book_8" parent="Decorative Assets/Bookshelf" index="28" instance=ExtResource("17_ruydy")]
transform = Transform3D(0.904788, -0.0476852, 0.00449773, 0.0476871, 0.9048, -0.000253856, -0.00447813, 0.000490223, 0.906045, -0.227308, 2.89085, 0.0203371)

[node name="Book_13" parent="Decorative Assets/Bookshelf" index="29" instance=ExtResource("17_ruydy")]
transform = Transform3D(0.904788, -0.0476852, 0.00449773, 0.0476871, 0.9048, -0.000253856, -0.00447813, 0.000490223, 0.906045, -0.573883, 3.67454, 0.0239)

[node name="Book_9" parent="Decorative Assets/Bookshelf" index="30" instance=ExtResource("17_ruydy")]
transform = Transform3D(0.905318, 0.0362966, 0.00449492, -0.036298, 0.905329, 0.000193228, -0.00448357, -0.000373144, 0.906045, -0.404152, 2.89085, 0.0221548)

[node name="Book_3" parent="Decorative Assets/Bookshelf" index="31" instance=ExtResource("17_bref8")]
transform = Transform3D(0.876228, 0, -0.0465345, 0, 0.877463, 0, 0.0465345, 0, 0.876228, 1.04725, 2.89027, 0.0181618)

[node name="Book_5" parent="Decorative Assets/Bookshelf" index="32" instance=ExtResource("17_bref8")]
transform = Transform3D(0.861291, 0, -0.167683, 0, 0.877463, 0, 0.167683, 0, 0.861291, 0.887033, 2.89027, 0.0198088)

[node name="Book_11" parent="Decorative Assets/Bookshelf" index="33" instance=ExtResource("17_bref8")]
transform = Transform3D(0.876228, 0, -0.0465345, 0, 0.877463, 0, 0.0465345, 0, 0.876228, -0.713321, 3.68037, 0.0362606)

[node name="Book_12" parent="Decorative Assets/Bookshelf" index="34" instance=ExtResource("17_bref8")]
transform = Transform3D(0.861291, 0, -0.167683, 0, 0.877463, 0, 0.167683, 0, 0.861291, -0.873537, 3.68037, 0.0379076)

[node name="Book_10" parent="Decorative Assets/Bookshelf" index="35" instance=ExtResource("17_bref8")]
transform = Transform3D(0.861291, 0, -0.167683, 0, 0.877463, 0, 0.167683, 0, 0.861291, -0.527894, 2.89027, 0.0343542)

[node name="Book_6" parent="Decorative Assets/Bookshelf" index="36" instance=ExtResource("17_bref8")]
transform = Transform3D(0.866593, 0.13175, 0.0399847, -0.131673, 0.867515, -0.00470397, -0.0402376, -0.00135444, 0.876539, 0.666315, 2.88281, 0.0220776)

[node name="Bottle" parent="Decorative Assets/Bookshelf" index="37" instance=ExtResource("20_eipgn")]
transform = Transform3D(-0.985472, 0, -0.53694, 0, 1.12226, 0, 0.53694, 0, -0.985472, 0.728745, 1.13354, 0.296951)

[node name="Bottle4" parent="Decorative Assets/Bookshelf" index="38" instance=ExtResource("20_eipgn")]
transform = Transform3D(-0.985472, 0, -0.53694, 0, 1.12226, 0, 0.53694, 0, -0.985472, -0.751294, 2.71449, 0.0996428)

[node name="Bottle3" parent="Decorative Assets/Bookshelf" index="39" instance=ExtResource("20_eipgn")]
transform = Transform3D(-0.432452, 0, -1.03559, 0, 1.12226, 0, 1.03559, 0, -0.432452, 0.966035, 1.13354, 0.0254059)

[node name="Bottle2" parent="Decorative Assets/Bookshelf" index="40" instance=ExtResource("20_eipgn")]
transform = Transform3D(-1.01964, 0.441838, -0.156757, 0.392955, 1.01011, 0.291086, 0.255694, 0.209583, -1.07245, 1.12736, 1.14674, -0.022191)

[node name="Candle_8" parent="Decorative Assets/Bookshelf" index="41" instance=ExtResource("7_fb2bo")]
transform = Transform3D(0.633008, 0.000862058, 1.26179, 0.0069435, 1.41165, -0.00444782, -1.26177, 0.00820088, 0.632994, -0.741385, 1.083, 0.172246)

[node name="Candle_9" parent="Decorative Assets/Bookshelf" index="42" instance=ExtResource("8_k8mfn")]
transform = Transform3D(-1.37574, -0.0043855, -0.31642, -0.00619675, 1.41164, 0.00737757, 0.31639, 0.00857878, -1.37573, -0.93571, 1.21833, 0.339996)

[node name="Candle_10" parent="Decorative Assets/Bookshelf" index="43" instance=ExtResource("8_k8mfn")]
transform = Transform3D(-1.37574, -0.0043855, -0.31642, -0.00619675, 1.41164, 0.00737757, 0.31639, 0.00857878, -1.37573, 1.04496, 3.60194, 0.124983)

[node name="Candle_11" parent="Decorative Assets/Bookshelf" index="44" instance=ExtResource("7_fb2bo")]
transform = Transform3D(-0.339212, 0.00598612, 1.3703, 0.0069435, 1.41165, -0.00444782, -1.37029, 0.00567133, -0.339234, 0.953715, 3.46501, 0.267532)

[node name="EmptyCandle_10" parent="Decorative Assets/Bookshelf" index="45" instance=ExtResource("9_51svi")]
transform = Transform3D(-1.096, 0.00168809, 0.889718, 0.00670423, 1.41164, 0.00558049, -0.889693, 0.00855803, -1.09598, 0.815628, 3.46422, 0.158653)

[node name="Bookshelf2" parent="Decorative Assets" index="54" instance=ExtResource("14_irtmk")]
transform = Transform3D(-0.708344, 0, 0.00728206, 0, 0.708381, 0, -0.00728206, 0, -0.708344, -15.7331, 0.182395, 7.43573)

[node name="EmptyCandle_11" parent="Decorative Assets/Bookshelf2" index="21" instance=ExtResource("9_51svi")]
transform = Transform3D(0.631541, -0.00799023, 1.2625, 0.00670423, 1.41164, 0.00558049, -1.26251, 0.00349939, 0.631568, -0.0672436, 1.85954, 0.160375)

[node name="Candle_12" parent="Decorative Assets/Bookshelf2" index="22" instance=ExtResource("7_fb2bo")]
transform = Transform3D(-1.08341, 0.00818051, 0.904968, 0.0069435, 1.41165, -0.00444782, -0.904978, 0.00103768, -1.08343, 0.0805779, 1.86206, 0.0379391)

[node name="Candle_13" parent="Decorative Assets/Bookshelf2" index="23" instance=ExtResource("8_k8mfn")]
transform = Transform3D(0.7571, 0.00955022, -1.19143, -0.00619675, 1.41164, 0.00737757, 1.19146, 0.00127329, 0.757124, 0.186527, 1.99827, 0.181949)

[node name="Book_16" parent="Decorative Assets/Bookshelf2" index="24" instance=ExtResource("18_rr4qp")]
transform = Transform3D(0.863255, 0, -0.0776054, 0, 0.866737, 0, 0.0776054, 0, 0.863255, -0.957119, 2.89702, 0.0313969)

[node name="Book_17" parent="Decorative Assets/Bookshelf2" index="25" instance=ExtResource("18_rr4qp")]
transform = Transform3D(0.861345, 0.0576502, -0.0774139, -0.0573657, 0.864817, 0.00575215, 0.0776251, -0.000592667, 0.863253, -0.815536, 2.89702, 0.0299416)

[node name="Book_18" parent="Decorative Assets/Bookshelf2" index="26" instance=ExtResource("18_rr4qp")]
transform = Transform3D(0.863188, -0.010785, -0.0775986, 0.0107318, 0.866669, -0.00107609, 0.0776061, 0.000110874, 0.863254, -0.671978, 2.89702, 0.0284662)

[node name="Book_40" parent="Decorative Assets/Bookshelf2" index="27" instance=ExtResource("18_rr4qp")]
transform = Transform3D(-0.0320456, -0.606982, 0.617882, 0.865978, -0.0103355, 0.0347597, -0.0169744, 0.618626, 0.606833, -0.793798, 3.43499, -0.0799875)

[node name="Book_41" parent="Decorative Assets/Bookshelf2" index="28" instance=ExtResource("18_rr4qp")]
transform = Transform3D(-0.0361529, -0.181178, 0.846818, 0.865978, -0.0103355, 0.0347597, 0.00283194, 0.847525, 0.181451, -0.793798, 3.55833, -0.0799875)

[node name="Book_35" parent="Decorative Assets/Bookshelf2" index="29" instance=ExtResource("18_rr4qp")]
transform = Transform3D(0.841112, 0.19514, -0.0753851, -0.194177, 0.844482, 0.0194705, 0.0778331, -0.00200612, 0.863232, -0.671978, 2.08384, 0.0284662)

[node name="Book_19" parent="Decorative Assets/Bookshelf2" index="30" instance=ExtResource("17_ruydy")]
transform = Transform3D(0.872472, -0.244389, 0.00209649, 0.244394, 0.872471, -0.00202188, -0.00147343, 0.00251242, 0.906051, -0.468288, 2.89232, -0.0563984)

[node name="Book_37" parent="Decorative Assets/Bookshelf2" index="31" instance=ExtResource("17_ruydy")]
transform = Transform3D(0.894193, -0.100458, -0.10613, 0.103084, 0.90002, 0.0166175, 0.10358, -0.0284745, 0.899666, 0.112734, 2.89232, -0.0613413)

[node name="Book_38" parent="Decorative Assets/Bookshelf2" index="32" instance=ExtResource("17_ruydy")]
transform = Transform3D(0.90185, -0.00682087, -0.0869357, 0.00684698, 0.906031, -5.66448e-05, 0.0869337, -0.000600588, 0.901876, -0.0446701, 2.89232, -0.0607538)

[node name="Book_20" parent="Decorative Assets/Bookshelf2" index="33" instance=ExtResource("17_bref8")]
transform = Transform3D(0.877197, 0, -0.0215913, 0, 0.877463, 0, 0.0215913, 0, 0.877197, 1.00156, 3.69286, 0.0337505)

[node name="Book_30" parent="Decorative Assets/Bookshelf2" index="34" instance=ExtResource("17_bref8")]
transform = Transform3D(0.877197, 0, -0.0215913, 0, 0.877463, 0, 0.0215913, 0, 0.877197, 1.06451, 2.08559, 0.033103)

[node name="Book_31" parent="Decorative Assets/Bookshelf2" index="35" instance=ExtResource("17_bref8")]
transform = Transform3D(0.877197, 0, -0.0215913, 0, 0.877463, 0, 0.0215913, 0, 0.877197, 0.901899, 2.08559, 0.0347748)

[node name="Book_32" parent="Decorative Assets/Bookshelf2" index="36" instance=ExtResource("17_bref8")]
transform = Transform3D(0.848108, -0.224117, -0.0205761, 0.223992, 0.848356, -0.0078181, 0.0218904, 0.00230402, 0.877187, 0.688606, 2.08559, 0.0369673)

[node name="Book_39" parent="Decorative Assets/Bookshelf2" index="37" instance=ExtResource("17_bref8")]
transform = Transform3D(0.55582, -0.677782, -0.0401668, 0.674492, 0.55714, -0.0677974, 0.0778729, 0.01207, 0.873917, 0.421873, 2.8368, -0.0233097)

[node name="Book_36" parent="Decorative Assets/Bookshelf2" index="38" instance=ExtResource("17_bref8")]
transform = Transform3D(0.712091, -0.474663, -0.193813, 0.483409, 0.7321, -0.0168726, 0.170833, -0.0930821, 0.855624, -1.01646, 2.08312, 0.0544968)

[node name="Book_33" parent="Decorative Assets/Bookshelf2" index="39" instance=ExtResource("17_bref8")]
transform = Transform3D(0.877032, 0.0170432, -0.0215856, -0.0170338, 0.877298, 0.000594533, 0.021593, -0.00017521, 0.877197, 0.501429, 2.08559, 0.0388918)

[node name="Book_21" parent="Decorative Assets/Bookshelf2" index="40" instance=ExtResource("17_bref8")]
transform = Transform3D(0.843858, 0.239639, -0.0204278, -0.239507, 0.844102, 0.00835957, 0.0219341, -0.00246359, 0.877185, 0.800406, 3.69286, 0.0358181)

[node name="Book_22" parent="Decorative Assets/Bookshelf2" index="41" instance=ExtResource("17_bref8")]
transform = Transform3D(-0.0135504, -0.756624, -0.444158, 0.877322, -0.0157119, 0, -0.00795314, -0.444087, 0.756746, 0.122902, 3.43851, 0.00768757)

[node name="Book_23" parent="Decorative Assets/Bookshelf2" index="42" instance=ExtResource("17_ruydy")]
transform = Transform3D(-0.0131389, 0.760833, -0.491831, 0.905941, 0.0143797, -0.00195704, 0.0061623, -0.491796, -0.760945, 0.185186, 3.56751, 0.051446)

[node name="Book_42" parent="Decorative Assets/Bookshelf2" index="43" instance=ExtResource("17_ruydy")]
transform = Transform3D(-0.0131389, 0.760833, -0.491831, 0.905941, 0.0143797, -0.00195704, 0.0061623, -0.491796, -0.760945, -0.786013, 3.67917, -0.0778799)

[node name="Bottle5" parent="Decorative Assets/Bookshelf2" index="44" instance=ExtResource("20_eipgn")]
transform = Transform3D(-1.1222, 0, -0.0115366, 0, 1.12226, 0, 0.0115366, 0, -1.1222, 0.053751, 3.75786, 0.229732)

[node name="Bottle6" parent="Decorative Assets/Bookshelf2" index="45" instance=ExtResource("20_eipgn")]
transform = Transform3D(-0.950875, 0, 0.596066, 0, 1.12226, 0, -0.596066, 0, -0.950875, 0.136471, 1.1367, 0.228881)

[node name="Bottle8" parent="Decorative Assets/Bookshelf2" index="46" instance=ExtResource("20_eipgn")]
transform = Transform3D(-0.950875, 0, 0.596066, 0, 1.12226, 0, -0.596066, 0, -0.950875, -0.837332, 1.1367, 0.313136)

[node name="Bottle7" parent="Decorative Assets/Bookshelf2" index="47" instance=ExtResource("20_eipgn")]
transform = Transform3D(-0.522001, 0, 0.993465, 0, 1.12226, 0, -0.993465, 0, -0.522001, 0.308462, 1.1367, 0.0957069)

