[gd_scene load_steps=36 format=3 uid="uid://dktprsna3r6ci"]

[ext_resource type="PackedScene" uid="uid://donm244c8a5wk" path="res://scenes/rooms/RoomVariation.tscn" id="1_8jcnd"]
[ext_resource type="PackedScene" uid="uid://cnhe8th4xlj6v" path="res://scenes/room_generation/Gen2/door_detection_setup.tscn" id="2_47id5"]
[ext_resource type="PackedScene" uid="uid://d0t1y1g5qnje0" path="res://assets/models/gothic_library_section/decorative_assets/Filled_Bookshelves/Bookshelf_1.tscn" id="3_bhfm2"]
[ext_resource type="PackedScene" uid="uid://c0nv7jysskn3g" path="res://assets/models/gothic_library_section/decorative_assets/Filled_Bookshelves/Bookshelf_3.tscn" id="4_gm6xt"]
[ext_resource type="PackedScene" uid="uid://bmeofo6g0t1jk" path="res://assets/models/gothic_library_section/decorative_assets/Pillar_Shaft_2.tscn" id="5_pll56"]
[ext_resource type="PackedScene" uid="uid://0d1ctubyayeg" path="res://assets/models/gothic_library_section/decorative_assets/Pillar_Shaft_1.tscn" id="6_3tlv3"]
[ext_resource type="PackedScene" uid="uid://bau4gfnvs58vy" path="res://assets/models/gothic_library_section/decorative_assets/Filled_Bookshelves/Bookshelf_4.tscn" id="7_s6q5i"]
[ext_resource type="PackedScene" uid="uid://cg78jlusnpup3" path="res://assets/models/gothic_library_section/decorative_assets/Filled_Bookshelves/Bookshelf_2.tscn" id="8_o02ic"]
[ext_resource type="PackedScene" uid="uid://dntvbfs61y0lq" path="res://assets/models/gothic_library_section/decorative_assets/Ladder_2.tscn" id="9_6j2jk"]
[ext_resource type="PackedScene" uid="uid://pvjaktfqnata" path="res://assets/models/gothic_library_section/decorative_assets/Ladder_1.tscn" id="10_1n436"]
[ext_resource type="PackedScene" uid="uid://cg5du1rf5xld2" path="res://assets/models/gothic_library_section/decorative_assets/Lantern.tscn" id="11_hsx4j"]
[ext_resource type="PackedScene" uid="uid://odnba5dcl4g6" path="res://assets/models/gothic_library_section/decorative_assets/Ledge_Deco.tscn" id="12_vhfye"]
[ext_resource type="PackedScene" uid="uid://bnlig2chjpw0g" path="res://assets/models/gothic_library_section/decorative_assets/Ledge_Deco_Endpoint.tscn" id="13_muj5h"]
[ext_resource type="PackedScene" uid="uid://gqj7wvbsopuq" path="res://assets/models/gothic_library_section/decorative_assets/Gothic_Window.tscn" id="14_wtb6l"]
[ext_resource type="PackedScene" uid="uid://6af3eshhiklr" path="res://assets/models/gothic_library_section/decorative_assets/Vase_1.tscn" id="15_yio1x"]
[ext_resource type="PackedScene" uid="uid://wq6fty4dae5g" path="res://assets/models/gothic_library_section/decorative_assets/Vase_2.tscn" id="16_r7gjx"]
[ext_resource type="PackedScene" uid="uid://bq0xdu18joqss" path="res://assets/models/gothic_library_section/decorative_assets/Torn_Cloth_1.tscn" id="17_ewvco"]
[ext_resource type="PackedScene" uid="uid://c55mpbfrb86gs" path="res://assets/models/gothic_library_section/decorative_assets/Torn_Cloth_2.tscn" id="18_0odb3"]
[ext_resource type="PackedScene" uid="uid://c6ys7vwl5c0hk" path="res://assets/models/gothic_library_section/decorative_assets/Torn_Cloth_3.tscn" id="19_ql287"]
[ext_resource type="PackedScene" uid="uid://bxvymvi2qhybu" path="res://assets/models/gothic_library_section/decorative_assets/Torn_Cloth_4.tscn" id="20_tslo5"]
[ext_resource type="PackedScene" uid="uid://xsquffoqqj8h" path="res://assets/models/gothic_library_section/decorative_assets/Bookshelf.tscn" id="21_rr1pc"]
[ext_resource type="PackedScene" uid="uid://chfeyuim863ic" path="res://assets/models/gothic_library_section/decorative_assets/Chair.tscn" id="22_vcdkj"]
[ext_resource type="PackedScene" uid="uid://cypspfh4m45n0" path="res://assets/models/gothic_library_section/decorative_assets/Table.tscn" id="23_o260u"]
[ext_resource type="PackedScene" uid="uid://c57v8yvyy7i3h" path="res://assets/models/gothic_library_section/decorative_assets/Cup.tscn" id="24_7sgra"]
[ext_resource type="PackedScene" uid="uid://btcvm3c6i3tek" path="res://assets/models/gothic_library_section/decorative_assets/Candle_Holder.tscn" id="25_v0x0w"]
[ext_resource type="PackedScene" uid="uid://dk1v0q4x3xtb8" path="res://assets/models/gothic_library_section/decorative_assets/Book_1.tscn" id="26_122rt"]
[ext_resource type="PackedScene" uid="uid://c6pf126f185cf" path="res://assets/models/gothic_library_section/decorative_assets/Book_3.tscn" id="27_k67nm"]
[ext_resource type="PackedScene" uid="uid://b7acvdsrwwv78" path="res://assets/models/gothic_library_section/decorative_assets/Bottle.tscn" id="28_u3xdj"]
[ext_resource type="PackedScene" uid="uid://bvfrd0h6e4ovd" path="res://assets/models/gothic_library_section/decorative_assets/Candle_2.tscn" id="29_meefp"]
[ext_resource type="PackedScene" uid="uid://cdykij1kwwxue" path="res://assets/models/gothic_library_section/decorative_assets/Candle_1.tscn" id="30_f15hu"]
[ext_resource type="PackedScene" uid="uid://bape2wmcw7ua1" path="res://assets/models/gothic_library_section/decorative_assets/Torn_Cloth_5.tscn" id="31_8ayww"]
[ext_resource type="PackedScene" uid="uid://vxorah386tra" path="res://assets/models/gothic_library_section/decorative_assets/Candle_Empty_2.tscn" id="32_ay28s"]
[ext_resource type="PackedScene" uid="uid://dyqcrv4i4axss" path="res://assets/models/gothic_library_section/decorative_assets/Candle_Empty_1.tscn" id="33_0t8vc"]
[ext_resource type="PackedScene" uid="uid://d034t5npsvheu" path="res://assets/models/gothic_library_section/decorative_assets/Book_2.tscn" id="34_plyud"]
[ext_resource type="PackedScene" uid="uid://cmepbn2gyxqt1" path="res://assets/VFX/Candle_Flame_2.tscn" id="35_k8cfm"]

[node name="RoomVariation" node_paths=PackedStringArray("north_door", "east_door", "south_door", "west_door") instance=ExtResource("1_8jcnd")]
north_door = NodePath("Doors/DoorTop")
east_door = NodePath("Doors/DoorRight")
south_door = NodePath("Doors/DoorBot")
west_door = NodePath("Doors/DoorLeft")

[node name="Wall_North" parent="." index="0"]
data = {
"cells": PackedInt32Array(65531, 65531, 655386, 65523, 65531, 1048594, 65524, 65531, 1048594, 65525, 65531, 1441810, 65526, 65531, 1048593, 65527, 65531, 1441810, 65528, 65531, 1048593, 65529, 65531, 1048594, 65530, 65531, 1048593, 13, 65531, 1048602, 3, 65531, 1048602, 12, 65531, 1441809, 4, 65531, 1048593, 5, 65531, 1048602, 6, 65531, 1048602, 7, 65531, 1048593, 8, 65531, 1048602, 9, 65531, 1048602, 10, 65531, 1441809, 11, 65531, 1048602, 65531, 65521, 1441818, 65532, 65521, 1441810, 65533, 65521, 1441818, 3, 65521, 1048602, 2, 65521, 1048593, 1, 65521, 1441818)
}

[node name="Wall_South" parent="." index="1"]
data = {
"cells": PackedInt32Array(65531, 3, 1048602, 65522, 3, 1048602, 65531, 11, 1048602, 65534, 11, 1048602, 2, 11, 1048602, 6, 11, 1048602, 6, 3, 1048602, 13, 3, 1048602, 3, 11, 1048594, 5, 11, 1441809, 4, 11, 1441809, 65532, 11, 1048594, 65533, 11, 1441809, 7, 3, 1048594, 8, 3, 1441809, 9, 3, 1441809, 10, 3, 1048594, 11, 3, 1441809, 12, 3, 1048594, 65523, 3, 1441809, 65524, 3, 1048594, 65525, 3, 1441809, 65526, 3, 1441810, 65527, 3, 1441810, 65528, 3, 1441809, 65529, 3, 1441810, 65530, 3, 1441809)
}

[node name="Doorways" parent="." index="2"]
data = {
"cells": PackedInt32Array(13, 0, 26, 14, 0, 26, 14, 65535, 26, 14, 65534, 26, 13, 65534, 26, 65535, 11, 26, 65535, 12, 26, 0, 12, 26, 1, 12, 26, 1, 11, 26, 65522, 65534, 26, 65521, 65534, 26, 65521, 65535, 26, 65521, 0, 26, 65522, 0, 26, 0, 65521, 26, 0, 65520, 26, 65535, 65520, 26, 65534, 65520, 26, 65534, 65521, 26, 65535, 65521, 21, 65522, 65535, 1048597, 13, 65535, 1441813, 0, 11, 655381)
}

[node name="Wall_East" parent="." index="3"]
data = {
"cells": PackedInt32Array(6, 3, 1441818, 6, 10, 1441818, 3, 65531, 1441818, 3, 65522, 1441818, 13, 65532, 1441818, 13, 2, 1441818, 13, 1, 1441818, 13, 65533, 1441818, 6, 9, 655378, 6, 4, 655377, 6, 5, 655378, 6, 6, 655377, 6, 7, 18, 6, 8, 655377, 3, 65530, 655378, 3, 65529, 655377, 3, 65528, 655377, 3, 65527, 655378, 3, 65526, 655377, 3, 65525, 655378, 3, 65524, 655377, 3, 65523, 655378)
}

[node name="Wall_West" parent="." index="4"]
data = {
"cells": PackedInt32Array(65531, 3, 655377, 65531, 11, 655386, 65531, 10, 655377, 65531, 4, 655386, 65531, 9, 655378, 65531, 5, 655378, 65531, 6, 655377, 65531, 7, 655377, 65531, 8, 655377, 65531, 65531, 655378, 65531, 65521, 655386, 65531, 65530, 655386, 65531, 65522, 655377, 65531, 65523, 655378, 65531, 65524, 655377, 65531, 65525, 655386, 65531, 65526, 655377, 65531, 65527, 655378, 65531, 65528, 655386, 65531, 65529, 655377, 65522, 65533, 17, 65522, 65532, 17, 65522, 1, 17, 65522, 2, 17)
}

[node name="Decorative Assets" type="Node3D" parent="." index="5"]
transform = Transform3D(1, 0, 0, 0, 1, 0, 0, 0, 1, 16.458, 0.954809, 5.31874)

[node name="Bookshelf_1" parent="Decorative Assets" index="0" instance=ExtResource("3_bhfm2")]

[node name="Bookshelf_3" parent="Decorative Assets" index="1" instance=ExtResource("4_gm6xt")]
transform = Transform3D(1, 0, 0, 0, 1, 0, 0, 0, 1, -2.6487, 4.76837e-07, -0.0157099)

[node name="Pillar_Shaft_2" parent="Decorative Assets" index="2" instance=ExtResource("5_pll56")]
transform = Transform3D(1, 0, 0, 0, 1, 0, 0, 0, 1, -4.45295, 0.273556, 0.690609)

[node name="Pillar_Shaft_1" parent="Decorative Assets" index="3" instance=ExtResource("6_3tlv3")]
transform = Transform3D(1, 0, 0, 0, 1, 0, 0, 0, 1, -4.44702, 2.59297, 0.695244)

[node name="Pillar_Shaft_3" parent="Decorative Assets" index="4" instance=ExtResource("5_pll56")]
transform = Transform3D(1, 0, 0, 0, 1, 0, 0, 0, 1, -4.76137, 0.273556, 16.3163)

[node name="Pillar_Shaft_4" parent="Decorative Assets" index="5" instance=ExtResource("6_3tlv3")]
transform = Transform3D(1, 0, 0, 0, 1, 0, 0, 0, 1, -4.75543, 2.59297, 16.321)

[node name="Pillar_Shaft_5" parent="Decorative Assets" index="6" instance=ExtResource("5_pll56")]
transform = Transform3D(1, 0, 0, 0, 1, 0, 0, 0, 1, -24.0691, 0.273556, 16.3163)

[node name="Pillar_Shaft_6" parent="Decorative Assets" index="7" instance=ExtResource("6_3tlv3")]
transform = Transform3D(1, 0, 0, 0, 1, 0, 0, 0, 1, -24.0632, 2.59297, 16.321)

[node name="Pillar_Shaft_7" parent="Decorative Assets" index="8" instance=ExtResource("5_pll56")]
transform = Transform3D(1, 0, 0, 0, 1, 0, 0, 0, 1, -24.3749, 0.364773, 0.536731)

[node name="Pillar_Shaft_8" parent="Decorative Assets" index="9" instance=ExtResource("6_3tlv3")]
transform = Transform3D(1, 0, 0, 0, 1, 0, 0, 0, 1, -24.369, 2.68419, 0.541366)

[node name="Pillar_Shaft_9" parent="Decorative Assets" index="10" instance=ExtResource("5_pll56")]
transform = Transform3D(1, 0, 0, 0, 1, 0, 0, 0, 1, -42.0464, 0.351373, 0.322938)

[node name="Pillar_Shaft_10" parent="Decorative Assets" index="11" instance=ExtResource("6_3tlv3")]
transform = Transform3D(1, 0, 0, 0, 1, 0, 0, 0, 1, -42.0405, 2.67079, 0.327573)

[node name="Pillar_Shaft_11" parent="Decorative Assets" index="12" instance=ExtResource("5_pll56")]
transform = Transform3D(1, 0, 0, 0, 1, 0, 0, 0, 1, -42.0464, 0.273556, -12.8945)

[node name="Pillar_Shaft_12" parent="Decorative Assets" index="13" instance=ExtResource("6_3tlv3")]
transform = Transform3D(1, 0, 0, 0, 1, 0, 0, 0, 1, -42.0405, 2.59297, -12.8899)

[node name="Pillar_Shaft_13" parent="Decorative Assets" index="14" instance=ExtResource("5_pll56")]
transform = Transform3D(1, 0, 0, 0, 1, 0, 0, 0, 1, -24.4231, 0.273556, -13.2302)

[node name="Pillar_Shaft_14" parent="Decorative Assets" index="15" instance=ExtResource("6_3tlv3")]
transform = Transform3D(1, 0, 0, 0, 1, 0, 0, 0, 1, -24.4171, 2.59297, -13.2256)

[node name="Pillar_Shaft_15" parent="Decorative Assets" index="16" instance=ExtResource("5_pll56")]
transform = Transform3D(1, 0, 0, 0, 1, 0, 0, 0, 1, -24.0445, 0.273556, -32.9182)

[node name="Pillar_Shaft_16" parent="Decorative Assets" index="17" instance=ExtResource("6_3tlv3")]
transform = Transform3D(1, 0, 0, 0, 1, 0, 0, 0, 1, -24.0386, 2.59297, -32.9135)

[node name="Pillar_Shaft_17" parent="Decorative Assets" index="18" instance=ExtResource("5_pll56")]
transform = Transform3D(1, 0, 0, 0, 1, 0, 0, 0, 1, -10.8904, 0.273556, -32.9182)

[node name="Pillar_Shaft_18" parent="Decorative Assets" index="19" instance=ExtResource("6_3tlv3")]
transform = Transform3D(1, 0, 0, 0, 1, 0, 0, 0, 1, -10.8844, 2.59297, -32.9135)

[node name="Pillar_Shaft_19" parent="Decorative Assets" index="20" instance=ExtResource("5_pll56")]
transform = Transform3D(1, 0, 0, 0, 1, 0, 0, 0, 1, -10.6524, 0.273556, -13.178)

[node name="Pillar_Shaft_20" parent="Decorative Assets" index="21" instance=ExtResource("6_3tlv3")]
transform = Transform3D(1, 0, 0, 0, 1, 0, 0, 0, 1, -10.6465, 2.59297, -13.1734)

[node name="Pillar_Shaft_21" parent="Decorative Assets" index="22" instance=ExtResource("5_pll56")]
transform = Transform3D(1, 0, 0, 0, 1, 0, 0, 0, 1, 9.12545, 0.273556, -12.9198)

[node name="Pillar_Shaft_22" parent="Decorative Assets" index="23" instance=ExtResource("6_3tlv3")]
transform = Transform3D(1, 0, 0, 0, 1, 0, 0, 0, 1, 9.13138, 2.59297, -12.9151)

[node name="Pillar_Shaft_23" parent="Decorative Assets" index="24" instance=ExtResource("5_pll56")]
transform = Transform3D(1, 0, 0, 0, 1, 0, 0, 0, 1, 9.12545, 0.273556, 0.258944)

[node name="Pillar_Shaft_24" parent="Decorative Assets" index="25" instance=ExtResource("6_3tlv3")]
transform = Transform3D(1, 0, 0, 0, 1, 0, 0, 0, 1, 9.13138, 2.59297, 0.263579)

[node name="Bookshelf_4" parent="Decorative Assets" index="26" instance=ExtResource("4_gm6xt")]
transform = Transform3D(-0.0115364, 0, 0.999933, 0, 1, 0, -0.999933, 0, -0.0115364, -5.20219, 4.76837e-07, 8.77359)

[node name="Bookshelf_5" parent="Decorative Assets" index="27" instance=ExtResource("7_s6q5i")]
transform = Transform3D(-0.999995, 0, -0.00305429, 0, 1, 0, 0.00305429, 0, -0.999995, -5.09423, 0.00653207, 11.6874)

[node name="Bookshelf_2" parent="Decorative Assets" index="28" instance=ExtResource("8_o02ic")]
transform = Transform3D(0.0229491, 0, 0.999737, 0, 1, 0, -0.999737, 0, 0.0229491, -5.36061, -0.0228347, 2.35047)

[node name="Bookshelf_6" parent="Decorative Assets" index="29" instance=ExtResource("4_gm6xt")]
transform = Transform3D(-0.00425849, 0, -0.999991, 0, 1, 0, 0.999991, 0, -0.00425849, -23.8159, 0.0182064, 10.3911)

[node name="Bookshelf_7" parent="Decorative Assets" index="30" instance=ExtResource("8_o02ic")]
transform = Transform3D(-0.0387365, 0, -0.999249, 0, 1, 0, 0.999249, 0, -0.0387365, -23.759, 0.0220978, 13.7143)

[node name="Ladder_2" parent="Decorative Assets" index="31" instance=ExtResource("9_6j2jk")]
transform = Transform3D(-0.826099, 0, -0.333749, 0, 0.89097, 0, 0.333749, 0, -0.826099, -5.47554, 1.17063, 7.2906)

[node name="Ladder_3" parent="Decorative Assets" index="32" instance=ExtResource("9_6j2jk")]
transform = Transform3D(0.00366977, 0, 0.890963, 0, 0.89097, 0, -0.890963, 0, 0.00366977, -23.5535, 1.17063, 8.70915)

[node name="Ladder_1" parent="Decorative Assets" index="33" instance=ExtResource("10_1n436")]
transform = Transform3D(0.87423, 0, -0.485512, 0, 1, 0, 0.485512, 0, 0.87423, -5.16019, 0.377535, 6.37107)

[node name="Lantern" parent="Decorative Assets" index="34" instance=ExtResource("11_hsx4j")]
transform = Transform3D(0.833008, -0.00345144, -0.55325, 0.000321222, -0.999977, 0.00672201, -0.553261, -0.00577721, -0.832988, -5.25037, 0.409737, 0.908228)

[node name="Lantern2" parent="Decorative Assets" index="35" instance=ExtResource("11_hsx4j")]
transform = Transform3D(0.898511, 0.00323926, 0.43894, 0.000321222, -0.999977, 0.00672201, 0.438952, -0.0058988, -0.898491, -5.7715, 0.409737, 0.99157)

[node name="Lantern3" parent="Decorative Assets" index="36" instance=ExtResource("11_hsx4j")]
transform = Transform3D(0.0168346, 0.953617, 0.300552, 0.999812, -0.0189722, 0.00419555, 0.0097028, 0.300425, -0.953756, -5.40033, 0.136906, 0.393955)

[node name="Lantern4" parent="Decorative Assets" index="37" instance=ExtResource("11_hsx4j")]
transform = Transform3D(0.833008, -0.00345144, -0.55325, 0.000321222, -0.999977, 0.00672201, -0.553261, -0.00577721, -0.832988, -20.9287, 0.409737, 15.0286)

[node name="Lantern5" parent="Decorative Assets" index="38" instance=ExtResource("11_hsx4j")]
transform = Transform3D(0.898511, 0.00323926, 0.43894, 0.000321222, -0.999977, 0.00672201, 0.438952, -0.0058988, -0.898491, -21.4498, 0.409737, 15.112)

[node name="Lantern6" parent="Decorative Assets" index="39" instance=ExtResource("11_hsx4j")]
transform = Transform3D(0.0168346, 0.953617, 0.300552, 0.999812, -0.0189722, 0.00419555, 0.0097028, 0.300425, -0.953756, -21.0786, 0.136906, 14.5144)

[node name="Lantern7" parent="Decorative Assets" index="40" instance=ExtResource("11_hsx4j")]
transform = Transform3D(0.337966, 0.00643504, 0.941136, 0.000321222, -0.999977, 0.00672201, 0.941158, -0.00196948, -0.33796, -12.1966, 0.409737, -1.99218)

[node name="Lantern8" parent="Decorative Assets" index="41" instance=ExtResource("11_hsx4j")]
transform = Transform3D(-0.641115, 0.00495283, 0.767429, 0.000321222, -0.999977, 0.00672201, 0.767445, 0.00455611, 0.641099, -12.1529, 0.409737, -2.51811)

[node name="Lantern9" parent="Decorative Assets" index="42" instance=ExtResource("11_hsx4j")]
transform = Transform3D(-0.0134476, -0.519789, 0.854189, 0.999811, -0.0189722, 0.00419555, 0.0140253, 0.854084, 0.519946, -11.6614, 0.136906, -2.01478)

[node name="Ledge_Deco" parent="Decorative Assets" index="43" instance=ExtResource("12_vhfye")]
transform = Transform3D(1, 0, 0, 0, 1, 0, 0, 0, 1, -0.607462, 0.801818, -5.45261)

[node name="Ledge_Deco2" parent="Decorative Assets" index="44" instance=ExtResource("12_vhfye")]
transform = Transform3D(1, 0, 0, 0, 1, 0, 0, 0, 1, 1.59758, 0.801818, -5.45261)

[node name="Ledge_Deco3" parent="Decorative Assets" index="45" instance=ExtResource("12_vhfye")]
transform = Transform3D(1, 0, 0, 0, 1, 0, 0, 0, 1, -4.65378, 0.801818, -5.45261)

[node name="Ledge_Deco4" parent="Decorative Assets" index="46" instance=ExtResource("12_vhfye")]
transform = Transform3D(1, 0, 0, 0, 1, 0, 0, 0, 1, -2.44874, 0.801818, -5.45261)

[node name="Ledge_Deco5" parent="Decorative Assets" index="47" instance=ExtResource("12_vhfye")]
transform = Transform3D(1, 0, 0, 0, 1, 0, 0, 0, 1, -8.76456, 0.801818, -5.45261)

[node name="Ledge_Deco6" parent="Decorative Assets" index="48" instance=ExtResource("12_vhfye")]
transform = Transform3D(1, 0, 0, 0, 1, 0, 0, 0, 1, -6.55951, 0.801818, -5.45261)

[node name="Ledge_Deco8" parent="Decorative Assets" index="49" instance=ExtResource("12_vhfye")]
transform = Transform3D(1, 0, 0, 0, 1, 0, 0, 0, 1, -10.5568, 0.801818, -5.45261)

[node name="Ledge_Deco7" parent="Decorative Assets" index="50" instance=ExtResource("12_vhfye")]
transform = Transform3D(0.00359542, 0, -0.999994, 0, 1, 0, 0.999994, 0, 0.00359542, -12.5776, 0.801818, -1.38701)

[node name="Ledge_Deco9" parent="Decorative Assets" index="51" instance=ExtResource("12_vhfye")]
transform = Transform3D(0.00359542, 0, -0.999994, 0, 1, 0, 0.999994, 0, 0.00359542, -12.584, 0.801818, -3.50899)

[node name="Ledge_Deco10" parent="Decorative Assets" index="52" instance=ExtResource("12_vhfye")]
transform = Transform3D(0.00359542, 0, -0.999994, 0, 1, 0, 0.999994, 0, 0.00359542, -14.4132, 0.801818, 2.56487)

[node name="Ledge_Deco12" parent="Decorative Assets" index="53" instance=ExtResource("12_vhfye")]
transform = Transform3D(0.00359542, 0, -0.999994, 0, 1, 0, 0.999994, 0, 0.00359542, -16.4934, 0.801818, 2.56487)

[node name="Ledge_Deco13" parent="Decorative Assets" index="54" instance=ExtResource("12_vhfye")]
transform = Transform3D(0.00359542, 0, -0.999994, 0, 1, 0, 0.999994, 0, 0.00359542, -18.5284, 0.801818, 2.56487)

[node name="Ledge_Deco16" parent="Decorative Assets" index="55" instance=ExtResource("12_vhfye")]
transform = Transform3D(0.00359542, 0, -0.999994, 0, 1, 0, 0.999994, 0, 0.00359542, -14.4132, 0.801818, 6.79803)

[node name="Ledge_Deco19" parent="Decorative Assets" index="56" instance=ExtResource("12_vhfye")]
transform = Transform3D(0.00359542, 0, -0.999994, 0, 1, 0, 0.999994, 0, 0.00359542, -12.4966, 0.801818, 6.79803)

[node name="Ledge_Deco20" parent="Decorative Assets" index="57" instance=ExtResource("12_vhfye")]
transform = Transform3D(0.00359542, 0, -0.999994, 0, 1, 0, 0.999994, 0, 0.00359542, -10.5849, 0.801818, 8.4847)

[node name="Ledge_Deco21" parent="Decorative Assets" index="58" instance=ExtResource("12_vhfye")]
transform = Transform3D(0.00359542, 0, -0.999994, 0, 1, 0, 0.999994, 0, 0.00359542, -10.5849, 0.801818, 10.5383)

[node name="Ledge_Deco22" parent="Decorative Assets" index="59" instance=ExtResource("12_vhfye")]
transform = Transform3D(0.00359542, 0, -0.999994, 0, 1, 0, 0.999994, 0, 0.00359542, -10.5849, 0.801818, 10.5383)

[node name="Ledge_Deco23" parent="Decorative Assets" index="60" instance=ExtResource("12_vhfye")]
transform = Transform3D(0.00359542, 0, -0.999994, 0, 1, 0, 0.999994, 0, 0.00359542, -10.5849, 0.801818, 12.4688)

[node name="Ledge_Deco24" parent="Decorative Assets" index="61" instance=ExtResource("12_vhfye")]
transform = Transform3D(0.00359542, 0, -0.999994, 0, 1, 0, 0.999994, 0, 0.00359542, -10.5849, 0.801818, 14.5224)

[node name="Ledge_Deco25" parent="Decorative Assets" index="62" instance=ExtResource("12_vhfye")]
transform = Transform3D(0.00359542, 0, -0.999994, 0, 1, 0, 0.999994, 0, 0.00359542, -20.3247, 0.801818, 12.5689)

[node name="Ledge_Deco26" parent="Decorative Assets" index="63" instance=ExtResource("12_vhfye")]
transform = Transform3D(0.00359542, 0, -0.999994, 0, 1, 0, 0.999994, 0, 0.00359542, -20.3247, 0.801818, 14.6224)

[node name="Ledge_Deco17" parent="Decorative Assets" index="64" instance=ExtResource("12_vhfye")]
transform = Transform3D(0.00359542, 0, -0.999994, 0, 1, 0, 0.999994, 0, 0.00359542, -16.4934, 0.801818, 6.79803)

[node name="Ledge_Deco18" parent="Decorative Assets" index="65" instance=ExtResource("12_vhfye")]
transform = Transform3D(0.00359542, 0, -0.999994, 0, 1, 0, 0.999994, 0, 0.00359542, -18.5284, 0.801818, 6.79803)

[node name="Ledge_Deco14" parent="Decorative Assets" index="66" instance=ExtResource("12_vhfye")]
transform = Transform3D(0.00359542, 0, -0.999994, 0, 1, 0, 0.999994, 0, 0.00359542, -20.5377, 0.801818, 2.56487)

[node name="Ledge_Deco27" parent="Decorative Assets" index="67" instance=ExtResource("12_vhfye")]
transform = Transform3D(0.00359542, 0, -0.999994, 0, 1, 0, 0.999994, 0, 0.00359542, -18.5168, -0.111923, -1.44693)

[node name="Ledge_Deco28" parent="Decorative Assets" index="68" instance=ExtResource("12_vhfye")]
transform = Transform3D(0.00359542, 0, -0.999994, 0, 1, 0, 0.999994, 0, 0.00359542, -20.5261, -0.111923, -1.44693)

[node name="Ledge_Deco29" parent="Decorative Assets" index="69" instance=ExtResource("12_vhfye")]
transform = Transform3D(0.999976, 0, -0.00692886, 0, 1, 0, 0.00692886, 0, 0.999976, -16.5907, -0.111923, -5.02555)

[node name="Ledge_Deco30" parent="Decorative Assets" index="70" instance=ExtResource("12_vhfye")]
transform = Transform3D(0.999976, 0, -0.00692886, 0, 1, 0, 0.00692886, 0, 0.999976, -16.5837, -0.111923, -3.02204)

[node name="Ledge_Deco31" parent="Decorative Assets" index="71" instance=ExtResource("12_vhfye")]
transform = Transform3D(0.999976, 0, -0.00692886, 0, 1, 0, 0.00692886, 0, 0.999976, -16.5907, -0.111923, -9.07514)

[node name="Ledge_Deco33" parent="Decorative Assets" index="72" instance=ExtResource("12_vhfye")]
transform = Transform3D(0.999976, 0, -0.00692886, 0, 1, 0, 0.00692886, 0, 0.999976, -16.5907, -0.111923, -10.8535)

[node name="Ledge_Deco32" parent="Decorative Assets" index="73" instance=ExtResource("12_vhfye")]
transform = Transform3D(0.999976, 0, -0.00692886, 0, 1, 0, 0.00692886, 0, 0.999976, -16.5837, -0.111923, -7.1269)

[node name="Ledge_Deco15" parent="Decorative Assets" index="74" instance=ExtResource("12_vhfye")]
transform = Transform3D(0.00359542, 0, -0.999994, 0, 1, 0, 0.999994, 0, 0.00359542, -22.4453, 0.801818, 2.56487)

[node name="Ledge_Deco11" parent="Decorative Assets" index="75" instance=ExtResource("12_vhfye")]
transform = Transform3D(0.00359542, 0, -0.999994, 0, 1, 0, 0.999994, 0, 0.00359542, -12.584, 0.801818, 0.436299)

[node name="Ledge_Deco_Endpoint" parent="Decorative Assets" index="76" instance=ExtResource("13_muj5h")]
transform = Transform3D(0, 0, -1, 0, 1, 0, 1, 0, 0, 3.68709, 0.534221, -5.4533)

[node name="Ledge_Deco_Endpoint3" parent="Decorative Assets" index="77" instance=ExtResource("13_muj5h")]
transform = Transform3D(0, 0, -1, 0, 1, 0, 1, 0, 0, 3.68709, 0.534221, -3.57232)

[node name="Ledge_Deco_Endpoint4" parent="Decorative Assets" index="78" instance=ExtResource("13_muj5h")]
transform = Transform3D(0, 0, -1, 0, 1, 0, 1, 0, 0, 3.68709, 0.534221, -1.09916)

[node name="Ledge_Deco_Endpoint2" parent="Decorative Assets" index="79" instance=ExtResource("13_muj5h")]
transform = Transform3D(0, 0, -1, 0, 1, 0, 1, 0, 0, -12.6091, 0.534221, -5.4533)

[node name="Ledge_Deco_Endpoint5" parent="Decorative Assets" index="80" instance=ExtResource("13_muj5h")]
transform = Transform3D(0, 0, -1, 0, 1, 0, 1, 0, 0, -12.5995, 0.534221, 2.55255)

[node name="Ledge_Deco_Endpoint7" parent="Decorative Assets" index="81" instance=ExtResource("13_muj5h")]
transform = Transform3D(0, 0, -1, 0, 1, 0, 1, 0, 0, -10.5774, 0.534221, 6.80414)

[node name="Ledge_Deco_Endpoint9" parent="Decorative Assets" index="82" instance=ExtResource("13_muj5h")]
transform = Transform3D(0, 0, -1, 0, 1, 0, 1, 0, 0, -20.3392, 0.534221, 6.80414)

[node name="Ledge_Deco_Endpoint10" parent="Decorative Assets" index="83" instance=ExtResource("13_muj5h")]
transform = Transform3D(0, 0, -1, 0, 1, 0, 1, 0, 0, -20.3392, 0.534221, 8.44806)

[node name="Ledge_Deco_Endpoint11" parent="Decorative Assets" index="84" instance=ExtResource("13_muj5h")]
transform = Transform3D(0, 0, -1, 0, 1, 0, 1, 0, 0, -20.3392, 0.534221, 8.44806)

[node name="Ledge_Deco_Endpoint12" parent="Decorative Assets" index="85" instance=ExtResource("13_muj5h")]
transform = Transform3D(0, 0, -1, 0, 1, 0, 1, 0, 0, -20.3392, 0.534221, 10.9101)

[node name="Ledge_Deco_Endpoint13" parent="Decorative Assets" index="86" instance=ExtResource("13_muj5h")]
transform = Transform3D(0, 0, -1, 0, 1, 0, 1, 0, 0, -20.3392, 0.534221, 16.3883)

[node name="Ledge_Deco_Endpoint8" parent="Decorative Assets" index="87" instance=ExtResource("13_muj5h")]
transform = Transform3D(0, 0, -1, 0, 1, 0, 1, 0, 0, -10.5774, 0.534221, 16.46)

[node name="Ledge_Deco_Endpoint6" parent="Decorative Assets" index="88" instance=ExtResource("13_muj5h")]
transform = Transform3D(0, 0, -1, 0, 1, 0, 1, 0, 0, -24.214, 0.534221, 2.55255)

[node name="Ledge_Deco_Endpoint14" parent="Decorative Assets" index="89" instance=ExtResource("13_muj5h")]
transform = Transform3D(0, 0, -1, 0, 1, 0, 1, 0, 0, -22.326, -0.362291, -1.47645)

[node name="Ledge_Deco_Endpoint15" parent="Decorative Assets" index="90" instance=ExtResource("13_muj5h")]
transform = Transform3D(0, 0, -1, 0, 1, 0, 1, 0, 0, -22.3139, -0.362291, -3.45319)

[node name="Ledge_Deco_Endpoint16" parent="Decorative Assets" index="91" instance=ExtResource("13_muj5h")]
transform = Transform3D(0, 0, -1, 0, 1, 0, 1, 0, 0, -23.4036, -0.362291, -3.45319)

[node name="Ledge_Deco_Endpoint17" parent="Decorative Assets" index="92" instance=ExtResource("13_muj5h")]
transform = Transform3D(0, 0, -1, 0, 1, 0, 1, 0, 0, -22.3046, -0.362291, -9.18542)

[node name="Ledge_Deco_Endpoint19" parent="Decorative Assets" index="93" instance=ExtResource("13_muj5h")]
transform = Transform3D(0, 0, -1, 0, 1, 0, 1, 0, 0, -22.3046, -0.362291, -11.1618)

[node name="Ledge_Deco_Endpoint20" parent="Decorative Assets" index="94" instance=ExtResource("13_muj5h")]
transform = Transform3D(0, 0, -1, 0, 1, 0, 1, 0, 0, -20.3078, -0.362291, -11.1807)

[node name="Ledge_Deco_Endpoint21" parent="Decorative Assets" index="95" instance=ExtResource("13_muj5h")]
transform = Transform3D(0, 0, -1, 0, 1, 0, 1, 0, 0, -20.3319, -0.362291, -12.3986)

[node name="Ledge_Deco_Endpoint22" parent="Decorative Assets" index="96" instance=ExtResource("13_muj5h")]
transform = Transform3D(0, 0, -1, 0, 1, 0, 1, 0, 0, -16.5893, -0.362291, -12.3986)

[node name="Ledge_Deco_Endpoint23" parent="Decorative Assets" index="97" instance=ExtResource("13_muj5h")]
transform = Transform3D(0, 0, -1, 0, 1, 0, 1, 0, 0, -16.5893, -0.362291, -1.43796)

[node name="Ledge_Deco_Endpoint18" parent="Decorative Assets" index="98" instance=ExtResource("13_muj5h")]
transform = Transform3D(0, 0, -1, 0, 1, 0, 1, 0, 0, -23.3943, -0.362291, -9.18542)

[node name="Bookshelf_8" parent="Decorative Assets" index="99" instance=ExtResource("7_s6q5i")]
transform = Transform3D(1, 0, 0, 0, 1, 0, 0, 0, 1, -23.6779, 0.0458114, 7.11974)

[node name="Bookshelf_9" parent="Decorative Assets" index="100" instance=ExtResource("3_bhfm2")]
transform = Transform3D(1, 0, 0, 0, 1, 0, 0, 0, 1, -21.9093, 0.0383304, 15.9134)

[node name="Gothic_Window" parent="Decorative Assets" index="101" instance=ExtResource("14_wtb6l")]
transform = Transform3D(0.0400908, 0, 0.675801, 0, 0.676989, 0, -0.675801, 0, 0.0400908, -7.65889, 1.61199, 16.5282)

[node name="Vase_1" parent="Decorative Assets" index="102" instance=ExtResource("15_yio1x")]
transform = Transform3D(0.743741, 0, 0.668468, 0, 1, 0, -0.668468, 0, 0.743741, -5.39852, 0.445775, 3.79265)

[node name="Vase_3" parent="Decorative Assets" index="103" instance=ExtResource("15_yio1x")]
transform = Transform3D(0.529074, 0, -0.848575, 0, 1, 0, 0.848575, 0, 0.529074, -6.06382, 0.445775, 4.31909)

[node name="Vase_4" parent="Decorative Assets" index="104" instance=ExtResource("15_yio1x")]
transform = Transform3D(-0.343562, 0, -0.93913, 0, 1, 0, 0.93913, 0, -0.343562, -6.26845, 0.445775, 3.38168)

[node name="Vase_2" parent="Decorative Assets" index="105" instance=ExtResource("16_r7gjx")]
transform = Transform3D(0.923889, 0, 0.382661, 0, 1, 0, -0.382661, 0, 0.923889, -4.99082, 0.782691, 4.31379)

[node name="Vase_42" parent="Decorative Assets" index="106" instance=ExtResource("15_yio1x")]
transform = Transform3D(0.30779, 0, 0.951455, 0, 1, 0, -0.951455, 0, 0.30779, -11.8851, -0.528277, 7.49594)

[node name="Vase_43" parent="Decorative Assets" index="107" instance=ExtResource("15_yio1x")]
transform = Transform3D(0.883503, 0, -0.468424, 0, 1, 0, 0.468424, 0, 0.883503, -12.1963, -0.528277, 8.28518)

[node name="Vase_44" parent="Decorative Assets" index="108" instance=ExtResource("15_yio1x")]
transform = Transform3D(0.17418, 0, -0.984714, 0, 1, 0, 0.984714, 0, 0.17418, -12.8438, -0.528277, 7.57708)

[node name="Vase_52" parent="Decorative Assets" index="109" instance=ExtResource("15_yio1x")]
transform = Transform3D(-0.442866, 0, 0.896587, 0, 1, 0, -0.896587, 0, -0.442866, -19.6139, -0.528277, 11.2447)

[node name="Vase_53" parent="Decorative Assets" index="110" instance=ExtResource("15_yio1x")]
transform = Transform3D(0.434446, 0, 0.900698, 0, 1, 0, -0.900698, 0, 0.434446, -19.5027, -0.528277, 12.1977)

[node name="Vase_45" parent="Decorative Assets" index="111" instance=ExtResource("16_r7gjx")]
transform = Transform3D(0.607049, 0, 0.794665, 0, 1, 0, -0.794665, 0, 0.607049, -11.2709, -0.191361, 7.74207)

[node name="Vase_8" parent="Decorative Assets" index="112" instance=ExtResource("15_yio1x")]
transform = Transform3D(0.892467, 0, -0.451112, 0, 1, 0, 0.451112, 0, 0.892467, -5.12781, 0.445775, 13.441)

[node name="Vase_9" parent="Decorative Assets" index="113" instance=ExtResource("15_yio1x")]
transform = Transform3D(-0.599318, 0, -0.800511, 0, 1, 0, 0.800511, 0, -0.599318, -5.85947, 0.445775, 13.0116)

[node name="Vase_10" parent="Decorative Assets" index="114" instance=ExtResource("16_r7gjx")]
transform = Transform3D(0.691319, 0, -0.72255, 0, 1, 0, 0.72255, 0, 0.691319, -5.46588, 0.782691, 14.0098)

[node name="Vase_12" parent="Decorative Assets" index="115" instance=ExtResource("15_yio1x")]
transform = Transform3D(-0.575991, 0, -0.817456, 0, 1, 0, 0.817456, 0, -0.575991, 1.86575, 0.445775, 0.173697)

[node name="Vase_16" parent="Decorative Assets" index="116" instance=ExtResource("15_yio1x")]
transform = Transform3D(-0.925442, 0, -0.37889, 0, 1, 0, 0.37889, 0, -0.925442, 3.00714, 0.445775, 0.107917)

[node name="Vase_17" parent="Decorative Assets" index="117" instance=ExtResource("15_yio1x")]
transform = Transform3D(-0.925442, 0, -0.37889, 0, 1, 0, 0.37889, 0, -0.925442, -10.1933, 0.458246, -4.90292)

[node name="Vase_18" parent="Decorative Assets" index="118" instance=ExtResource("15_yio1x")]
transform = Transform3D(-0.755315, 0, 0.655361, 0, 1, 0, -0.655361, 0, -0.755315, -9.30629, 0.458246, -4.71143)

[node name="Vase_19" parent="Decorative Assets" index="119" instance=ExtResource("15_yio1x")]
transform = Transform3D(-0.991751, 0, 0.128174, 0, 1, 0, -0.128174, 0, -0.991751, -9.8508, 0.458246, -4.36933)

[node name="Vase_68" parent="Decorative Assets" index="120" instance=ExtResource("15_yio1x")]
transform = Transform3D(-0.311789, 0, -0.950152, 0, 1, 0, 0.950152, 0, -0.311789, -41.8694, -0.5378, -12.068)

[node name="Vase_69" parent="Decorative Assets" index="121" instance=ExtResource("15_yio1x")]
transform = Transform3D(-0.988701, 0, -0.149897, 0, 1, 0, 0.149897, 0, -0.988701, -41.1483, -0.5378, -12.619)

[node name="Vase_70" parent="Decorative Assets" index="122" instance=ExtResource("15_yio1x")]
transform = Transform3D(-0.740758, 0, -0.671771, 0, 1, 0, 0.671771, 0, -0.740758, -41.2411, -0.5378, -11.9826)

[node name="Vase_71" parent="Decorative Assets" index="123" instance=ExtResource("15_yio1x")]
transform = Transform3D(-0.987339, 0, -0.158622, 0, 1, 0, 0.158622, 0, -0.987339, -40.4795, -0.5378, -12.3512)

[node name="Vase_72" parent="Decorative Assets" index="124" instance=ExtResource("15_yio1x")]
transform = Transform3D(-0.586583, 0, 0.809888, 0, 1, 0, -0.809888, 0, -0.586583, -39.917, -0.5378, -12.731)

[node name="Vase_73" parent="Decorative Assets" index="125" instance=ExtResource("15_yio1x")]
transform = Transform3D(-0.936659, 0, 0.350241, 0, 1, 0, -0.350241, 0, -0.936659, -40.2672, -0.5378, -11.7538)

[node name="Vase_36" parent="Decorative Assets" index="126" instance=ExtResource("15_yio1x")]
transform = Transform3D(-0.670982, 0, 0.741473, 0, 1, 0, -0.741473, 0, -0.670982, -17.2923, -1.42138, -8.71479)

[node name="Vase_37" parent="Decorative Assets" index="127" instance=ExtResource("15_yio1x")]
transform = Transform3D(0.359493, 0, 0.933147, 0, 1, 0, -0.933147, 0, 0.359493, -17.1708, -1.42138, -7.81549)

[node name="Vase_38" parent="Decorative Assets" index="128" instance=ExtResource("15_yio1x")]
transform = Transform3D(-0.216677, 0, 0.976243, 0, 1, 0, -0.976243, 0, -0.216677, -17.6777, -1.42138, -8.21124)

[node name="Vase_39" parent="Decorative Assets" index="129" instance=ExtResource("15_yio1x")]
transform = Transform3D(0.950565, 0, 0.310526, 0, 1, 0, -0.310526, 0, 0.950565, -23.1047, -0.525876, 1.90124)

[node name="Vase_40" parent="Decorative Assets" index="130" instance=ExtResource("15_yio1x")]
transform = Transform3D(0.705611, 0, -0.708599, 0, 1, 0, 0.708599, 0, 0.705611, -23.9755, -0.525876, 1.6457)

[node name="Vase_41" parent="Decorative Assets" index="131" instance=ExtResource("15_yio1x")]
transform = Transform3D(0.979792, 0, -0.200019, 0, 1, 0, 0.200019, 0, 0.979792, -23.4075, -0.525876, 1.34413)

[node name="Vase_13" parent="Decorative Assets" index="132" instance=ExtResource("15_yio1x")]
transform = Transform3D(-0.704943, 0, 0.709264, 0, 1, 0, -0.709264, 0, -0.704943, 2.39694, 0.445775, -0.487812)

[node name="Vase_14" parent="Decorative Assets" index="133" instance=ExtResource("16_r7gjx")]
transform = Transform3D(-0.815324, 0, -0.579005, 0, 1, 0, 0.579005, 0, -0.815324, 1.35213, 0.782691, -0.243427)

[node name="Vase_54" parent="Decorative Assets" index="134" instance=ExtResource("15_yio1x")]
transform = Transform3D(-0.575991, 0, -0.817456, 0, 1, 0, 0.817456, 0, -0.575991, 0.284103, -0.52067, -6.1231)

[node name="Vase_55" parent="Decorative Assets" index="135" instance=ExtResource("15_yio1x")]
transform = Transform3D(-0.925442, 0, -0.37889, 0, 1, 0, 0.37889, 0, -0.925442, 1.42549, -0.52067, -6.18888)

[node name="Vase_56" parent="Decorative Assets" index="136" instance=ExtResource("15_yio1x")]
transform = Transform3D(-0.704943, 0, 0.709264, 0, 1, 0, -0.709264, 0, -0.704943, 0.815294, -0.52067, -6.78461)

[node name="Vase_57" parent="Decorative Assets" index="137" instance=ExtResource("16_r7gjx")]
transform = Transform3D(-0.815324, 0, -0.579005, 0, 1, 0, 0.579005, 0, -0.815324, -0.229515, -0.183754, -6.54023)

[node name="Vase_84" parent="Decorative Assets" index="138" instance=ExtResource("15_yio1x")]
transform = Transform3D(-0.63407, 0, -0.773275, 0, 1, 0, 0.773275, 0, -0.63407, -14.8835, -0.52067, -32.184)

[node name="Vase_85" parent="Decorative Assets" index="139" instance=ExtResource("15_yio1x")]
transform = Transform3D(-0.950608, 0, -0.310393, 0, 1, 0, 0.310393, 0, -0.950608, -13.7403, -0.52067, -32.1664)

[node name="Vase_86" parent="Decorative Assets" index="140" instance=ExtResource("15_yio1x")]
transform = Transform3D(-0.651343, 0, 0.758783, 0, 1, 0, -0.758783, 0, -0.651343, -14.3054, -0.52067, -32.805)

[node name="Vase_87" parent="Decorative Assets" index="141" instance=ExtResource("16_r7gjx")]
transform = Transform3D(-0.855377, 0, -0.518006, 0, 1, 0, 0.518006, 0, -0.855377, -15.3653, -0.183754, -32.6375)

[node name="Vase_58" parent="Decorative Assets" index="142" instance=ExtResource("15_yio1x")]
transform = Transform3D(0.867886, 0, -0.496763, 0, 1, 0, 0.496763, 0, 0.867886, -10.8557, -0.52067, -21.0888)

[node name="Vase_59" parent="Decorative Assets" index="143" instance=ExtResource("15_yio1x")]
transform = Transform3D(0.464037, 0, -0.885816, 0, 1, 0, 0.885816, 0, 0.464037, -11.0283, -0.52067, -22.2189)

[node name="Vase_60" parent="Decorative Assets" index="144" instance=ExtResource("15_yio1x")]
transform = Transform3D(-0.640003, 0, -0.768372, 0, 1, 0, 0.768372, 0, -0.640003, -11.5641, -0.52067, -21.5555)

[node name="Vase_61" parent="Decorative Assets" index="145" instance=ExtResource("16_r7gjx")]
transform = Transform3D(0.652939, 0, -0.75741, 0, 1, 0, 0.75741, 0, 0.652939, -11.2228, -0.183754, -20.5383)

[node name="Vase_15" parent="Decorative Assets" index="146" instance=ExtResource("16_r7gjx")]
transform = Transform3D(0.866013, 0, -0.500021, 0, 1, 0, 0.500021, 0, 0.866013, 3.04096, 0.782691, -0.888838)

[node name="Vase_11" parent="Decorative Assets" index="147" instance=ExtResource("16_r7gjx")]
transform = Transform3D(0.356467, 0, 0.934308, 0, 1, 0, -0.934308, 0, 0.356467, -5.50022, 0.782691, 10.2436)

[node name="Vase_5" parent="Decorative Assets" index="148" instance=ExtResource("15_yio1x")]
transform = Transform3D(-0.554889, 0, -0.831924, 0, 1, 0, 0.831924, 0, -0.554889, -9.66413, 0.445775, 15.8693)

[node name="Vase_6" parent="Decorative Assets" index="149" instance=ExtResource("15_yio1x")]
transform = Transform3D(0.10012, 0, 0.994975, 0, 1, 0, -0.994975, 0, 0.10012, -8.7195, 0.445775, 16.0518)

[node name="Vase_7" parent="Decorative Assets" index="150" instance=ExtResource("16_r7gjx")]
transform = Transform3D(-0.800244, 0, -0.599675, 0, 1, 0, 0.599675, 0, -0.800244, -10.1883, 0.782691, 15.4654)

[node name="Vase_20" parent="Decorative Assets" index="151" instance=ExtResource("15_yio1x")]
transform = Transform3D(0.0641478, 0, -0.99794, 0, 1, 0, 0.99794, 0, 0.0641478, -23.0567, 0.445775, 15.1163)

[node name="Vase_21" parent="Decorative Assets" index="152" instance=ExtResource("15_yio1x")]
transform = Transform3D(-0.524505, 0, 0.851407, 0, 1, 0, -0.851407, 0, -0.524505, -22.1952, 0.445775, 14.6879)

[node name="Vase_22" parent="Decorative Assets" index="153" instance=ExtResource("16_r7gjx")]
transform = Transform3D(-0.271817, 0, -0.962349, 0, 1, 0, 0.962349, 0, -0.271817, -23.7183, 0.782691, 15.1136)

[node name="Vase_23" parent="Decorative Assets" index="154" instance=ExtResource("15_yio1x")]
transform = Transform3D(-0.952284, 0, -0.305212, 0, 1, 0, 0.305212, 0, -0.952284, -23.4173, 0.445775, 5.62281)

[node name="Vase_24" parent="Decorative Assets" index="155" instance=ExtResource("15_yio1x")]
transform = Transform3D(0.698066, 0, 0.716033, 0, 1, 0, -0.716033, 0, 0.698066, -22.792, 0.445775, 6.35403)

